3,1,575.20,84.23,63.51,198.82,1.00,-1,-1
3,2,353.29,80.22,86.04,249.72,1.00,-1,-1
3,3,442.48,89.52,87.52,240.73,1.00,-1,-1
3,4,184.43,94.21,79.45,226.71,1.00,-1,-1
3,5,85.74,101.11,65.61,219.34,1.00,-1,-1
3,6,515.23,113.20,45.25,124.38,1.00,-1,-1
4,1,574.21,85.93,63.24,197.30,1.00,-1,-1
4,2,357.46,81.20,85.89,248.62,1.00,-1,-1
4,3,445.00,88.61,87.59,241.53,1.00,-1,-1
4,4,190.89,93.09,79.33,227.17,1.00,-1,-1
4,5,76.05,103.44,65.92,217.77,1.00,-1,-1
4,6,514.59,113.99,44.59,122.75,1.00,-1,-1
4,8,181.57,95.33,35.77,160.02,1.00,-1,-1
5,1,573.32,86.24,63.31,196.72,1.00,-1,-1
5,2,362.92,83.59,85.59,245.90,1.00,-1,-1
5,3,447.11,88.38,86.30,239.06,1.00,-1,-1
5,4,196.41,91.67,79.76,228.93,1.00,-1,-1
5,5,69.68,104.31,67.10,218.32,1.00,-1,-1
5,6,512.66,114.11,44.33,122.23,1.00,-1,-1
5,8,182.40,95.25,35.86,159.55,1.00,-1,-1
6,1,571.70,86.80,63.59,196.22,1.00,-1,-1
6,2,366.80,85.22,85.31,243.63,1.00,-1,-1
6,3,447.56,88.09,84.83,237.17,1.00,-1,-1
6,4,202.72,90.82,79.89,229.67,1.00,-1,-1
6,5,64.36,104.95,68.30,217.91,1.00,-1,-1
6,6,512.33,114.14,44.80,123.61,1.00,-1,-1
6,8,182.80,95.72,36.21,160.01,1.00,-1,-1
7,1,570.30,87.72,63.77,194.85,1.00,-1,-1
7,2,369.77,86.54,85.11,241.27,1.00,-1,-1
7,3,452.87,86.85,84.73,237.70,1.00,-1,-1
7,4,209.89,92.30,79.48,228.15,1.00,-1,-1
7,5,60.19,104.38,69.84,219.69,1.00,-1,-1
7,6,510.53,113.46,43.86,122.97,1.00,-1,-1
7,8,183.27,95.84,36.50,159.70,1.00,-1,-1
8,1,565.67,89.01,63.46,192.91,1.00,-1,-1
8,2,371.77,86.98,85.21,240.30,1.00,-1,-1
8,3,456.95,86.19,84.58,238.34,1.00,-1,-1
8,4,215.64,94.06,78.94,225.94,1.00,-1,-1
8,5,55.75,103.69,70.85,220.99,1.00,-1,-1
8,8,183.72,95.89,36.79,158.94,1.00,-1,-1
9,1,563.43,89.20,63.38,192.48,1.00,-1,-1
9,2,373.86,86.19,85.82,241.08,1.00,-1,-1
9,3,460.37,86.01,84.11,238.31,1.00,-1,-1
9,4,223.14,95.70,78.51,223.28,1.00,-1,-1
9,5,51.56,103.47,70.92,221.07,1.00,-1,-1
9,8,183.76,95.86,36.93,157.44,1.00,-1,-1
10,1,561.10,88.64,63.58,193.67,1.00,-1,-1
10,2,374.96,84.99,86.29,241.50,1.00,-1,-1
10,3,464.12,86.18,83.33,237.23,1.00,-1,-1
10,4,227.90,96.97,78.80,221.99,1.00,-1,-1
10,5,45.32,102.49,70.66,221.78,1.00,-1,-1
10,8,183.32,95.86,37.43,157.55,1.00,-1,-1
11,1,558.82,87.93,63.83,194.68,1.00,-1,-1
11,2,376.41,83.22,86.70,242.02,1.00,-1,-1
11,3,469.94,87.37,82.88,235.70,1.00,-1,-1
11,4,231.01,98.19,79.21,220.80,1.00,-1,-1
11,5,38.20,100.31,70.50,224.26,1.00,-1,-1
11,8,183.02,95.66,37.78,157.27,1.00,-1,-1
12,1,556.27,87.05,63.67,195.27,1.00,-1,-1
12,2,378.11,81.82,86.43,240.74,1.00,-1,-1
12,3,473.92,88.28,82.96,234.38,1.00,-1,-1
12,4,234.80,98.45,79.50,219.50,1.00,-1,-1
12,5,31.08,99.05,70.15,225.94,1.00,-1,-1
12,8,182.66,95.72,38.15,157.11,1.00,-1,-1
12,10,607.01,109.26,32.08,129.92,1.00,-1,-1
13,1,553.20,86.84,64.53,198.63,1.00,-1,-1
13,2,380.37,80.62,86.67,241.09,1.00,-1,-1
13,3,477.78,89.42,83.04,232.50,1.00,-1,-1
13,4,239.24,97.42,79.70,219.02,1.00,-1,-1
13,5,26.14,98.84,69.25,225.25,1.00,-1,-1
13,8,182.09,95.58,38.69,157.41,1.00,-1,-1
13,10,606.25,109.01,32.26,130.20,1.00,-1,-1
14,1,552.25,86.83,63.29,195.42,1.00,-1,-1
14,2,382.58,80.33,86.59,240.45,1.00,-1,-1
14,3,481.95,91.32,82.77,230.27,1.00,-1,-1
14,4,242.99,95.98,79.47,218.43,1.00,-1,-1
14,5,17.76,98.66,69.45,225.76,1.00,-1,-1
14,8,181.72,95.63,38.99,156.83,1.00,-1,-1
14,10,607.83,109.40,27.67,109.46,1.00,-1,-1
15,1,551.41,86.87,62.41,194.22,1.00,-1,-1
15,2,385.06,80.36,86.45,239.91,1.00,-1,-1
15,3,485.45,92.08,83.72,229.99,1.00,-1,-1
15,4,245.67,93.80,79.15,218.33,1.00,-1,-1
15,5,10.33,99.12,70.18,225.72,1.00,-1,-1
15,8,181.60,95.56,39.32,156.67,1.00,-1,-1
15,10,606.12,109.42,29.20,113.80,1.00,-1,-1
16,1,548.97,86.88,61.70,193.37,1.00,-1,-1
16,2,387.94,80.56,86.36,239.44,1.00,-1,-1
16,3,486.25,92.26,84.41,229.91,1.00,-1,-1
16,4,247.87,91.47,79.07,219.51,1.00,-1,-1
16,5,5.21,100.37,71.34,225.71,1.00,-1,-1
16,8,181.04,95.52,39.75,156.74,1.00,-1,-1
16,10,603.03,109.22,32.16,123.63,1.00,-1,-1
17,1,547.27,87.11,60.84,192.27,1.00,-1,-1
17,2,391.50,81.21,86.35,238.79,1.00,-1,-1
17,3,486.98,93.21,84.01,228.16,1.00,-1,-1
17,4,250.39,90.91,78.47,219.84,1.00,-1,-1
17,5,3.41,101.75,72.21,224.89,1.00,-1,-1
17,8,180.85,95.24,40.13,157.01,1.00,-1,-1
17,10,601.05,108.99,33.76,127.77,1.00,-1,-1
18,1,546.66,88.53,59.85,191.21,1.00,-1,-1
18,2,394.77,82.41,86.01,237.06,1.00,-1,-1
18,3,487.21,90.77,84.81,230.31,1.00,-1,-1
18,4,253.00,90.25,77.63,220.16,1.00,-1,-1
18,5,2.40,102.63,73.47,225.85,1.00,-1,-1
18,8,180.08,95.14,40.51,157.13,1.00,-1,-1
18,10,599.69,108.84,34.89,129.72,1.00,-1,-1
19,1,546.78,89.69,58.05,188.20,1.00,-1,-1
19,2,399.03,83.81,86.35,236.33,1.00,-1,-1
19,3,488.71,89.73,84.73,230.71,1.00,-1,-1
19,4,257.48,91.52,76.53,218.45,1.00,-1,-1
19,5,1.74,103.07,74.39,226.15,1.00,-1,-1
19,8,179.46,95.09,40.83,157.26,1.00,-1,-1
19,10,598.18,108.49,35.99,131.00,1.00,-1,-1
20,1,546.87,91.63,55.95,184.99,1.00,-1,-1
20,2,403.21,85.36,86.29,234.87,1.00,-1,-1
20,3,493.46,88.65,84.61,230.85,1.00,-1,-1
20,4,263.24,93.19,76.12,216.85,1.00,-1,-1
20,5,0.80,102.76,74.95,226.22,1.00,-1,-1
20,8,178.99,94.94,41.22,157.68,1.00,-1,-1
20,10,596.60,108.75,37.04,131.38,1.00,-1,-1
21,1,550.98,100.73,51.95,175.61,1.00,-1,-1
21,2,406.18,86.75,86.13,233.22,1.00,-1,-1
21,3,499.22,88.90,83.57,228.64,1.00,-1,-1
21,4,268.36,95.15,75.90,214.86,1.00,-1,-1
21,5,-1.32,100.92,75.41,227.90,1.00,-1,-1
21,8,178.57,94.82,41.52,157.94,1.00,-1,-1
21,10,595.28,109.47,37.96,130.77,1.00,-1,-1
22,2,409.00,87.61,86.00,232.20,1.00,-1,-1
22,3,504.54,87.65,83.52,229.34,1.00,-1,-1
22,4,271.42,96.97,75.85,213.48,1.00,-1,-1
22,5,-5.17,98.10,75.20,230.65,1.00,-1,-1
22,8,178.59,94.68,41.62,157.88,1.00,-1,-1
22,10,593.81,109.26,39.13,131.34,1.00,-1,-1
23,2,410.62,87.53,85.89,231.43,1.00,-1,-1
23,3,508.45,86.23,83.72,229.40,1.00,-1,-1
23,4,272.68,98.11,75.56,212.53,1.00,-1,-1
23,5,-9.43,94.40,73.24,231.11,1.00,-1,-1
23,8,178.42,94.81,41.82,158.33,1.00,-1,-1
23,10,592.78,109.34,40.12,131.46,1.00,-1,-1
24,2,412.82,87.20,86.25,231.51,1.00,-1,-1
24,3,510.64,88.53,82.88,226.79,1.00,-1,-1
24,4,274.47,98.03,75.37,211.81,1.00,-1,-1
24,5,-15.01,88.27,71.80,237.35,1.00,-1,-1
24,8,178.39,94.78,42.00,158.69,1.00,-1,-1
24,10,591.54,109.33,40.87,131.64,1.00,-1,-1
25,2,414.30,85.96,86.66,232.63,1.00,-1,-1
25,3,512.40,89.56,83.00,225.95,1.00,-1,-1
25,4,276.60,98.06,75.10,210.75,1.00,-1,-1
25,5,-20.98,82.96,68.87,243.32,1.00,-1,-1
25,8,178.21,94.77,41.95,158.31,1.00,-1,-1
25,10,590.88,110.06,41.49,131.09,1.00,-1,-1
26,2,420.08,85.27,87.42,231.77,1.00,-1,-1
26,3,513.93,90.77,82.54,224.89,1.00,-1,-1
26,4,279.96,98.41,74.16,208.57,1.00,-1,-1
26,5,-23.33,72.59,68.48,258.55,1.00,-1,-1
26,8,178.12,94.88,41.83,157.63,1.00,-1,-1
26,10,589.67,110.28,42.17,130.67,1.00,-1,-1
27,2,425.29,83.25,87.96,230.94,1.00,-1,-1
27,3,515.90,91.91,81.72,223.68,1.00,-1,-1
27,4,286.04,97.53,73.60,207.78,1.00,-1,-1
27,8,177.97,94.93,41.79,157.35,1.00,-1,-1
27,10,588.55,110.34,43.14,130.77,1.00,-1,-1
28,1,502.83,96.39,52.64,187.61,1.00,-1,-1
28,2,429.32,81.61,88.56,231.53,1.00,-1,-1
28,3,521.62,91.63,82.22,224.79,1.00,-1,-1
28,4,293.21,96.78,72.98,207.15,1.00,-1,-1
28,6,489.29,97.34,60.76,181.90,1.00,-1,-1
28,8,177.72,94.87,41.83,157.28,1.00,-1,-1
28,10,588.85,110.07,43.89,131.09,1.00,-1,-1
29,1,499.76,95.18,51.23,187.75,1.00,-1,-1
29,2,430.83,81.17,88.21,231.88,1.00,-1,-1
29,3,525.83,92.64,81.18,223.51,1.00,-1,-1
29,4,299.14,96.05,72.64,207.12,1.00,-1,-1
29,8,177.27,94.97,41.98,157.42,1.00,-1,-1
29,10,588.34,109.16,44.81,131.79,1.00,-1,-1
30,1,498.42,94.53,50.87,186.47,1.00,-1,-1
30,2,433.69,81.18,87.95,232.22,1.00,-1,-1
30,3,528.81,92.54,80.86,223.10,1.00,-1,-1
30,4,304.53,95.80,72.46,206.32,1.00,-1,-1
30,8,177.06,95.05,42.08,157.53,1.00,-1,-1
30,10,588.47,107.74,45.66,132.43,1.00,-1,-1
31,1,494.49,95.12,49.35,184.67,1.00,-1,-1
31,2,435.34,81.74,87.38,232.08,1.00,-1,-1
31,3,531.00,94.07,79.45,220.69,1.00,-1,-1
31,4,309.75,94.99,73.06,206.84,1.00,-1,-1
31,6,495.31,94.57,61.42,188.10,1.00,-1,-1
31,8,177.05,95.28,42.06,157.26,1.00,-1,-1
31,10,588.47,107.93,46.21,131.99,1.00,-1,-1
32,2,436.97,82.33,86.60,231.81,1.00,-1,-1
32,3,536.49,94.83,78.85,219.85,1.00,-1,-1
32,4,314.13,94.26,73.31,207.25,1.00,-1,-1
32,6,500.15,101.27,60.46,180.58,1.00,-1,-1
32,8,176.98,95.31,42.13,157.38,1.00,-1,-1
33,2,436.60,83.25,84.44,231.02,1.00,-1,-1
33,3,540.62,93.01,78.72,221.07,1.00,-1,-1
33,4,319.19,95.87,72.90,205.64,1.00,-1,-1
33,6,500.77,102.17,59.70,177.88,1.00,-1,-1
33,8,176.84,95.45,42.14,157.34,1.00,-1,-1
34,2,440.90,84.77,82.75,229.69,1.00,-1,-1
34,3,544.61,92.19,77.91,221.21,1.00,-1,-1
34,4,323.15,97.90,72.49,203.52,1.00,-1,-1
34,6,497.73,99.64,59.39,179.44,1.00,-1,-1
34,8,176.73,95.53,42.24,157.35,1.00,-1,-1
35,2,448.29,87.18,81.61,225.97,1.00,-1,-1
35,3,552.89,91.47,78.61,220.38,1.00,-1,-1
35,4,325.98,98.93,72.60,202.14,1.00,-1,-1
35,6,495.80,96.67,59.45,184.01,1.00,-1,-1
35,8,176.64,95.81,42.27,157.20,1.00,-1,-1
36,2,453.87,89.35,81.17,223.06,1.00,-1,-1
36,3,555.59,90.09,79.22,219.80,1.00,-1,-1
36,4,327.63,99.40,72.90,201.39,1.00,-1,-1
36,6,495.09,96.33,57.51,183.01,1.00,-1,-1
36,8,176.45,95.84,42.37,157.04,1.00,-1,-1
37,2,457.83,90.44,81.01,220.53,1.00,-1,-1
37,3,556.13,88.35,79.50,220.25,1.00,-1,-1
37,4,331.23,98.92,73.28,201.44,1.00,-1,-1
37,8,176.32,95.97,42.39,156.61,1.00,-1,-1
38,1,445.30,108.17,34.35,130.42,1.00,-1,-1
38,2,460.64,90.49,81.88,220.85,1.00,-1,-1
38,3,557.81,88.06,79.56,220.58,1.00,-1,-1
38,4,335.40,98.05,73.53,202.22,1.00,-1,-1
38,8,176.05,96.00,42.53,156.50,1.00,-1,-1
39,1,442.82,108.50,32.42,125.03,1.00,-1,-1
39,2,462.86,90.02,82.61,221.51,1.00,-1,-1
39,3,559.17,88.23,79.05,220.41,1.00,-1,-1
39,4,340.06,96.99,72.87,201.56,1.00,-1,-1
39,8,175.84,95.86,42.73,156.69,1.00,-1,-1
40,1,441.40,109.29,31.45,123.37,1.00,-1,-1
40,2,464.54,87.48,83.48,223.80,1.00,-1,-1
40,3,560.63,88.85,78.23,219.41,1.00,-1,-1
40,4,343.91,95.19,72.18,201.01,1.00,-1,-1
40,8,175.79,95.93,42.82,156.56,1.00,-1,-1
41,1,441.30,109.46,30.37,120.41,1.00,-1,-1
41,2,467.02,85.90,83.25,222.95,1.00,-1,-1
41,3,562.13,89.21,77.39,219.12,1.00,-1,-1
41,4,347.43,93.89,71.86,201.86,1.00,-1,-1
41,8,175.69,95.72,42.94,156.59,1.00,-1,-1
42,1,440.75,109.23,31.05,125.65,1.00,-1,-1
42,2,468.89,84.51,83.16,222.41,1.00,-1,-1
42,3,563.71,90.29,76.71,217.92,1.00,-1,-1
42,4,349.63,93.46,71.19,202.11,1.00,-1,-1
42,8,175.60,95.57,43.00,156.57,1.00,-1,-1
43,1,440.10,109.78,31.21,128.24,1.00,-1,-1
43,2,468.80,83.47,83.96,222.72,1.00,-1,-1
43,3,566.13,91.09,76.02,217.39,1.00,-1,-1
43,4,351.67,93.30,70.60,201.99,1.00,-1,-1
43,8,175.47,95.41,43.09,156.61,1.00,-1,-1
44,1,439.72,110.36,30.54,127.00,1.00,-1,-1
44,2,469.98,83.18,84.81,222.64,1.00,-1,-1
44,3,568.11,92.11,75.03,216.34,1.00,-1,-1
44,4,356.40,94.08,69.94,201.34,1.00,-1,-1
44,8,175.35,95.48,43.08,156.41,1.00,-1,-1
45,1,439.12,110.88,30.16,126.14,1.00,-1,-1
45,2,471.14,83.37,85.77,222.51,1.00,-1,-1
45,3,571.09,94.08,73.18,213.70,1.00,-1,-1
45,4,362.31,95.10,69.72,199.94,1.00,-1,-1
45,6,455.76,92.38,55.99,187.67,1.00,-1,-1
45,8,175.44,95.44,43.09,156.43,1.00,-1,-1
46,1,437.62,110.94,30.03,126.43,1.00,-1,-1
46,2,479.12,84.12,84.95,221.64,1.00,-1,-1
46,3,572.78,94.29,72.05,213.18,1.00,-1,-1
46,4,366.74,96.20,69.77,198.53,1.00,-1,-1
46,6,453.56,93.10,53.03,184.01,1.00,-1,-1
46,8,175.40,95.31,43.21,156.93,1.00,-1,-1
47,1,435.76,111.69,29.67,125.98,1.00,-1,-1
47,2,486.90,86.58,84.07,218.97,1.00,-1,-1
47,3,574.61,94.20,71.06,213.66,1.00,-1,-1
47,4,370.57,98.32,69.72,196.64,1.00,-1,-1
47,6,452.86,93.12,52.04,183.88,1.00,-1,-1
47,8,175.24,95.29,43.19,156.72,1.00,-1,-1
48,1,434.54,112.21,29.41,125.40,1.00,-1,-1
48,2,491.69,87.54,84.43,217.96,1.00,-1,-1
48,3,576.09,92.42,70.43,215.84,1.00,-1,-1
48,4,373.06,100.33,69.41,194.60,1.00,-1,-1
48,6,452.38,93.97,51.13,182.75,1.00,-1,-1
48,8,175.00,95.31,43.24,156.75,1.00,-1,-1
49,1,432.37,112.66,29.29,126.12,1.00,-1,-1
49,2,496.29,88.87,84.75,216.39,1.00,-1,-1
49,3,577.86,91.93,69.09,216.04,1.00,-1,-1
49,4,374.36,101.66,69.15,193.13,1.00,-1,-1
49,6,450.92,94.29,50.37,181.56,1.00,-1,-1
49,8,174.99,95.11,43.16,156.40,1.00,-1,-1
50,1,432.34,112.70,27.13,119.06,1.00,-1,-1
50,2,499.46,90.35,85.37,215.04,1.00,-1,-1
50,3,580.05,90.70,67.47,215.94,1.00,-1,-1
50,4,376.07,101.75,69.01,192.47,1.00,-1,-1
50,6,449.37,94.38,49.95,179.90,1.00,-1,-1
50,8,175.06,94.89,43.12,156.33,1.00,-1,-1
51,2,500.43,91.12,85.93,214.01,1.00,-1,-1
51,3,582.12,89.93,65.48,214.53,1.00,-1,-1
51,4,378.35,100.01,69.48,193.44,1.00,-1,-1
51,6,447.66,94.19,50.70,180.75,1.00,-1,-1
51,8,174.81,94.82,43.24,156.61,1.00,-1,-1
52,2,502.23,90.88,86.87,214.16,1.00,-1,-1
52,3,584.75,89.22,63.44,213.55,1.00,-1,-1
52,4,382.96,99.23,68.74,191.85,1.00,-1,-1
52,6,445.45,94.03,51.59,182.06,1.00,-1,-1
52,8,174.89,94.70,43.31,156.78,1.00,-1,-1
53,2,504.80,90.99,87.63,213.62,1.00,-1,-1
53,3,585.55,88.35,62.21,214.51,1.00,-1,-1
53,4,389.61,98.35,68.39,191.50,1.00,-1,-1
53,6,444.67,93.63,51.60,182.01,1.00,-1,-1
53,8,174.84,94.55,43.42,157.12,1.00,-1,-1
54,2,506.86,90.26,88.46,213.98,1.00,-1,-1
54,3,586.23,87.47,61.02,215.30,1.00,-1,-1
54,4,396.77,96.27,68.46,193.36,1.00,-1,-1
54,6,444.35,93.88,51.34,180.85,1.00,-1,-1
54,8,174.91,94.56,43.50,157.38,1.00,-1,-1
55,2,509.78,89.66,89.33,214.32,1.00,-1,-1
55,3,589.14,96.29,57.21,206.20,1.00,-1,-1
55,4,401.07,94.93,67.98,193.48,1.00,-1,-1
55,6,444.00,94.30,50.86,181.33,1.00,-1,-1
55,8,175.02,94.54,43.42,157.04,1.00,-1,-1
56,2,511.88,87.83,89.35,214.30,1.00,-1,-1
56,3,590.65,100.60,54.89,201.67,1.00,-1,-1
56,4,405.34,94.34,67.89,194.14,1.00,-1,-1
56,6,443.84,94.64,50.11,181.22,1.00,-1,-1
56,8,174.95,94.60,43.46,157.06,1.00,-1,-1
57,2,514.02,87.35,87.97,213.55,1.00,-1,-1
57,3,592.99,101.84,53.23,200.66,1.00,-1,-1
57,4,410.67,94.98,68.34,194.68,1.00,-1,-1
57,6,444.38,95.08,49.10,181.21,1.00,-1,-1
57,8,174.74,94.84,43.52,157.06,1.00,-1,-1
58,2,517.15,86.92,86.30,213.62,1.00,-1,-1
58,3,598.81,103.38,50.54,199.33,1.00,-1,-1
58,4,414.77,95.80,68.07,192.60,1.00,-1,-1
58,6,444.65,96.95,47.49,179.04,1.00,-1,-1
58,8,174.64,94.85,43.55,157.00,1.00,-1,-1
59,2,520.33,86.24,84.77,213.99,1.00,-1,-1
59,3,603.88,104.81,47.47,197.61,1.00,-1,-1
59,4,417.04,96.81,67.86,191.35,1.00,-1,-1
59,8,174.57,94.93,43.66,157.29,1.00,-1,-1
59,10,582.51,109.15,42.79,131.56,1.00,-1,-1
60,2,525.60,85.13,84.42,215.25,1.00,-1,-1
60,3,606.16,106.65,44.67,195.15,1.00,-1,-1
60,4,420.01,96.91,67.87,191.03,1.00,-1,-1
60,8,174.74,94.74,43.81,157.71,1.00,-1,-1
61,2,528.50,85.80,82.93,214.49,1.00,-1,-1
61,3,608.58,110.65,41.47,190.09,1.00,-1,-1
61,4,422.36,99.58,67.59,188.49,1.00,-1,-1
61,8,174.48,94.51,43.85,157.43,1.00,-1,-1
62,2,534.09,87.93,81.58,211.92,1.00,-1,-1
62,3,612.08,115.11,34.18,161.00,1.00,-1,-1
62,4,426.94,100.71,67.98,187.73,1.00,-1,-1
62,6,404.90,99.95,45.81,171.89,1.00,-1,-1
62,8,174.36,94.47,43.95,157.41,1.00,-1,-1
63,2,537.59,89.48,80.40,209.94,1.00,-1,-1
63,4,431.35,100.11,68.37,188.36,1.00,-1,-1
63,6,400.21,97.26,47.20,174.83,1.00,-1,-1
63,8,174.23,94.61,44.06,157.38,1.00,-1,-1
64,2,541.89,90.25,79.79,209.27,1.00,-1,-1
64,4,434.84,98.95,68.21,187.86,1.00,-1,-1
64,6,399.31,96.01,47.96,176.42,1.00,-1,-1
64,8,174.19,94.64,44.21,157.52,1.00,-1,-1
65,2,545.61,90.48,79.02,208.37,1.00,-1,-1
65,4,437.34,97.59,67.75,186.78,1.00,-1,-1
65,6,399.48,95.74,48.89,176.23,1.00,-1,-1
65,8,174.45,94.65,44.40,157.83,1.00,-1,-1
66,2,548.60,90.32,78.85,208.20,1.00,-1,-1
66,4,439.32,95.83,68.37,189.17,1.00,-1,-1
66,6,400.35,96.68,50.16,175.38,1.00,-1,-1
66,8,174.74,94.69,44.52,157.73,1.00,-1,-1
67,2,550.48,90.50,78.50,207.88,1.00,-1,-1
67,4,441.60,95.10,68.10,189.42,1.00,-1,-1
67,6,398.77,97.61,51.14,174.79,1.00,-1,-1
67,8,174.97,94.78,44.75,157.96,1.00,-1,-1
68,2,551.75,90.14,78.34,208.49,1.00,-1,-1
68,4,443.31,94.61,67.56,189.50,1.00,-1,-1
68,6,395.15,94.76,52.56,177.73,1.00,-1,-1
68,8,175.01,94.86,44.99,158.10,1.00,-1,-1
69,2,553.75,89.39,77.86,208.31,1.00,-1,-1
69,3,615.66,113.23,30.96,156.13,1.00,-1,-1
69,4,446.06,93.97,66.92,188.87,1.00,-1,-1
69,6,393.48,93.30,53.21,177.97,1.00,-1,-1
69,8,175.43,94.99,45.10,157.48,1.00,-1,-1
70,2,555.10,88.44,77.07,207.57,1.00,-1,-1
70,3,614.83,106.43,30.69,162.56,1.00,-1,-1
70,4,448.64,94.45,66.17,187.41,1.00,-1,-1
70,6,391.50,93.21,53.83,177.64,1.00,-1,-1
70,8,176.01,95.29,45.21,157.17,1.00,-1,-1
71,2,558.89,86.59,77.19,207.70,1.00,-1,-1
71,3,614.83,103.61,30.08,166.57,1.00,-1,-1
71,4,452.33,95.49,66.10,187.47,1.00,-1,-1
71,6,389.09,94.16,54.14,177.00,1.00,-1,-1
71,8,176.19,95.58,45.65,157.20,1.00,-1,-1
72,2,562.13,85.71,77.18,208.22,1.00,-1,-1
72,4,455.37,96.33,65.90,187.33,1.00,-1,-1
72,6,386.79,95.44,54.16,175.61,1.00,-1,-1
72,8,176.64,95.61,46.26,157.76,1.00,-1,-1
73,2,564.93,85.19,76.60,207.96,1.00,-1,-1
73,4,457.33,96.56,65.16,187.16,1.00,-1,-1
73,6,384.46,95.62,54.75,176.35,1.00,-1,-1
73,8,177.15,95.13,46.73,158.23,1.00,-1,-1
74,2,567.05,85.42,75.88,207.67,1.00,-1,-1
74,4,459.89,96.86,64.23,185.99,1.00,-1,-1
74,6,382.08,95.73,54.96,175.89,1.00,-1,-1
74,8,176.97,95.17,47.21,158.38,1.00,-1,-1
75,2,569.35,88.25,74.34,205.32,1.00,-1,-1
75,4,462.81,97.52,63.98,185.58,1.00,-1,-1
75,6,380.13,95.82,55.74,176.18,1.00,-1,-1
75,8,177.52,95.33,47.74,157.86,1.00,-1,-1
76,2,571.85,91.31,72.40,202.10,1.00,-1,-1
76,4,465.15,97.63,63.89,184.80,1.00,-1,-1
76,6,377.69,96.55,56.15,175.37,1.00,-1,-1
76,8,178.01,95.16,48.33,157.74,1.00,-1,-1
76,10,559.21,111.67,30.17,101.75,1.00,-1,-1
77,1,396.29,102.28,40.43,167.00,1.00,-1,-1
77,2,572.81,90.79,71.83,202.92,1.00,-1,-1
77,4,467.67,97.27,63.95,183.37,1.00,-1,-1
77,6,375.07,97.94,56.29,173.53,1.00,-1,-1
77,8,177.75,95.10,48.77,157.16,1.00,-1,-1
77,10,558.75,110.66,28.53,97.41,1.00,-1,-1
78,1,400.95,104.43,37.94,148.32,1.00,-1,-1
78,2,575.88,90.78,70.43,202.89,1.00,-1,-1
78,3,565.18,109.34,25.87,141.61,1.00,-1,-1
78,4,471.50,96.86,64.49,182.77,1.00,-1,-1
78,6,370.60,99.06,56.51,172.34,1.00,-1,-1
78,8,177.51,95.01,49.32,157.12,1.00,-1,-1
78,10,558.89,110.37,28.22,97.18,1.00,-1,-1
79,1,404.29,106.00,36.11,137.39,1.00,-1,-1
79,2,577.71,90.77,69.03,202.79,1.00,-1,-1
79,3,559.63,108.99,27.96,149.50,1.00,-1,-1
79,4,475.22,95.59,65.35,183.72,1.00,-1,-1
79,6,368.62,98.02,56.48,171.99,1.00,-1,-1
79,8,178.58,94.93,49.92,157.50,1.00,-1,-1
79,10,558.10,109.60,28.62,96.89,1.00,-1,-1
80,1,405.60,107.18,36.02,133.83,1.00,-1,-1
80,2,578.53,90.99,67.48,201.42,1.00,-1,-1
80,4,480.60,95.45,65.23,183.48,1.00,-1,-1
80,6,365.61,97.41,56.51,173.18,1.00,-1,-1
80,8,179.72,95.34,50.46,157.26,1.00,-1,-1
80,10,557.85,109.43,29.39,96.10,1.00,-1,-1
81,1,404.86,108.37,36.33,132.20,1.00,-1,-1
81,2,579.53,91.65,66.02,200.14,1.00,-1,-1
81,4,485.59,95.47,65.26,183.15,1.00,-1,-1
81,6,363.18,95.67,56.61,174.94,1.00,-1,-1
81,8,180.31,95.01,51.01,157.72,1.00,-1,-1
81,10,555.85,109.45,30.74,94.99,1.00,-1,-1
82,1,403.35,108.30,36.98,132.11,1.00,-1,-1
82,2,581.91,91.71,64.56,199.98,1.00,-1,-1
82,3,566.73,123.27,29.22,143.90,1.00,-1,-1
82,4,489.39,96.76,64.61,181.42,1.00,-1,-1
82,6,361.45,95.01,55.39,172.69,1.00,-1,-1
82,8,180.74,95.29,51.46,157.46,1.00,-1,-1
82,10,554.13,111.05,29.87,92.07,1.00,-1,-1
83,1,402.45,108.00,37.66,132.42,1.00,-1,-1
83,2,583.96,89.73,63.51,201.78,1.00,-1,-1
83,3,568.77,128.59,30.94,140.51,1.00,-1,-1
83,4,492.09,97.20,64.32,180.80,1.00,-1,-1
83,6,359.62,94.57,54.84,172.09,1.00,-1,-1
83,8,180.99,95.25,52.04,157.62,1.00,-1,-1
83,10,552.83,111.41,28.71,87.91,1.00,-1,-1
84,1,401.69,107.43,38.41,133.25,1.00,-1,-1
84,2,586.76,91.45,61.08,199.29,1.00,-1,-1
84,3,566.57,131.26,32.28,139.22,1.00,-1,-1
84,4,495.35,97.77,64.15,179.61,1.00,-1,-1
84,6,358.44,94.48,54.49,171.40,1.00,-1,-1
84,8,180.86,94.97,52.49,157.59,1.00,-1,-1
85,1,400.99,107.39,39.17,133.72,1.00,-1,-1
85,2,591.82,100.24,55.95,187.90,1.00,-1,-1
85,3,565.61,126.13,35.31,145.13,1.00,-1,-1
85,4,497.21,99.48,64.03,177.76,1.00,-1,-1
85,6,356.67,93.51,54.37,171.01,1.00,-1,-1
85,8,181.13,95.37,52.85,157.27,1.00,-1,-1
86,1,400.90,107.19,39.74,133.94,1.00,-1,-1
86,2,596.29,103.57,52.28,181.94,1.00,-1,-1
86,3,564.13,121.27,38.00,149.75,1.00,-1,-1
86,4,499.77,100.66,64.58,176.61,1.00,-1,-1
86,6,355.03,93.33,54.21,170.34,1.00,-1,-1
86,8,181.13,95.62,53.37,157.17,1.00,-1,-1
86,18,397.61,314.19,20.26,33.91,1.00,-1,-1
87,1,400.93,107.31,40.17,133.86,1.00,-1,-1
87,2,600.32,104.48,49.49,179.78,1.00,-1,-1
87,3,560.33,115.44,40.48,155.72,1.00,-1,-1
87,4,500.87,101.51,65.20,175.78,1.00,-1,-1
87,6,353.17,93.70,54.40,170.09,1.00,-1,-1
87,8,181.21,95.58,54.04,157.37,1.00,-1,-1
87,18,398.13,314.22,19.58,32.95,1.00,-1,-1
88,1,400.18,107.20,40.65,133.91,1.00,-1,-1
88,2,604.41,104.04,47.11,180.50,1.00,-1,-1
88,3,556.80,113.74,41.73,157.47,1.00,-1,-1
88,4,501.22,100.77,66.49,177.37,1.00,-1,-1
88,6,351.15,95.80,54.28,169.10,1.00,-1,-1
88,8,181.35,95.73,54.78,157.41,1.00,-1,-1
88,18,398.48,313.98,19.20,32.47,1.00,-1,-1
89,1,399.89,107.28,40.99,133.80,1.00,-1,-1
89,2,607.91,104.75,43.66,176.59,1.00,-1,-1
89,3,555.20,111.15,42.77,160.53,1.00,-1,-1
89,4,504.08,100.97,66.76,176.80,1.00,-1,-1
89,6,349.42,96.64,54.38,168.72,1.00,-1,-1
89,8,181.77,95.95,55.20,156.61,1.00,-1,-1
89,18,398.45,313.67,19.18,32.59,1.00,-1,-1
90,1,399.06,107.42,41.27,133.72,1.00,-1,-1
90,3,554.98,110.10,42.93,161.96,1.00,-1,-1
90,4,507.81,101.61,65.92,175.83,1.00,-1,-1
90,6,345.36,96.88,55.32,168.30,1.00,-1,-1
90,8,182.48,96.25,55.55,155.71,1.00,-1,-1
90,18,397.92,313.59,19.42,33.12,1.00,-1,-1
91,1,398.28,107.83,41.36,133.43,1.00,-1,-1
91,3,555.30,110.21,41.67,160.12,1.00,-1,-1
91,4,513.57,99.12,65.53,176.76,1.00,-1,-1
91,6,339.75,95.17,57.39,170.82,1.00,-1,-1
91,8,183.84,96.32,55.78,155.23,1.00,-1,-1
92,1,397.11,107.72,41.74,133.84,1.00,-1,-1
92,4,521.23,98.12,65.19,176.63,1.00,-1,-1
92,6,337.49,95.40,58.45,170.85,1.00,-1,-1
92,8,184.42,96.27,56.31,155.93,1.00,-1,-1
93,1,395.78,107.53,42.10,133.88,1.00,-1,-1
93,4,526.14,96.83,66.24,178.17,1.00,-1,-1
93,6,333.87,96.03,59.60,170.12,1.00,-1,-1
93,8,184.87,96.22,56.61,156.08,1.00,-1,-1
93,18,398.69,313.15,18.80,32.34,1.00,-1,-1
94,1,394.81,106.95,42.56,133.81,1.00,-1,-1
94,4,526.97,97.49,66.21,176.97,1.00,-1,-1
94,6,331.62,97.45,60.22,168.50,1.00,-1,-1
94,8,186.00,96.19,56.60,155.89,1.00,-1,-1
95,1,393.72,106.84,43.27,134.66,1.00,-1,-1
95,4,525.52,98.46,66.62,175.81,1.00,-1,-1
95,6,329.39,98.57,60.78,167.71,1.00,-1,-1
95,8,186.62,96.21,56.57,155.81,1.00,-1,-1
96,1,392.91,106.79,43.86,134.77,1.00,-1,-1
96,4,524.36,99.63,67.03,174.21,1.00,-1,-1
96,6,328.78,98.45,61.14,167.44,1.00,-1,-1
96,8,186.92,96.05,56.61,156.00,1.00,-1,-1
97,1,391.87,106.91,44.78,135.49,1.00,-1,-1
97,2,516.25,109.64,38.04,155.63,1.00,-1,-1
97,3,550.50,102.14,49.24,172.35,1.00,-1,-1
97,4,515.30,106.98,61.08,163.05,1.00,-1,-1
97,6,326.38,99.04,61.67,167.37,1.00,-1,-1
97,8,187.03,95.85,56.47,155.36,1.00,-1,-1
98,1,391.53,107.68,45.55,135.37,1.00,-1,-1
98,3,553.30,101.31,52.33,171.36,1.00,-1,-1
98,4,510.51,110.01,57.97,157.55,1.00,-1,-1
98,6,326.15,98.87,61.93,167.39,1.00,-1,-1
98,8,187.08,95.62,56.45,155.12,1.00,-1,-1
99,1,391.08,108.02,46.21,135.28,1.00,-1,-1
99,3,554.78,102.77,54.70,169.32,1.00,-1,-1
99,4,508.58,111.78,56.37,155.31,1.00,-1,-1
99,6,325.40,97.91,62.17,168.07,1.00,-1,-1
99,8,187.09,95.38,56.42,154.84,1.00,-1,-1
100,1,390.22,107.77,46.83,135.47,1.00,-1,-1
100,3,553.59,103.36,57.02,169.40,1.00,-1,-1
100,4,506.54,112.44,55.19,153.77,1.00,-1,-1
100,6,323.93,96.53,62.46,169.63,1.00,-1,-1
100,8,187.10,95.34,56.44,154.79,1.00,-1,-1
101,1,389.78,107.38,47.53,135.74,1.00,-1,-1
101,3,553.64,103.61,58.69,170.00,1.00,-1,-1
101,4,505.71,112.22,54.48,152.86,1.00,-1,-1
101,6,321.93,95.36,62.62,170.84,1.00,-1,-1
101,8,186.94,95.43,56.49,154.74,1.00,-1,-1
102,1,389.46,106.92,48.33,136.03,1.00,-1,-1
102,2,532.15,110.91,34.25,143.47,1.00,-1,-1
102,3,554.53,102.43,60.07,170.92,1.00,-1,-1
102,4,501.48,112.46,53.84,153.11,1.00,-1,-1
102,6,319.37,94.57,62.34,170.69,1.00,-1,-1
102,8,186.99,95.40,56.53,154.78,1.00,-1,-1
102,18,399.66,312.25,18.11,31.32,1.00,-1,-1
103,1,388.97,106.59,49.19,136.41,1.00,-1,-1
103,2,533.85,111.19,34.09,139.23,1.00,-1,-1
103,3,557.10,102.06,60.35,170.39,1.00,-1,-1
103,4,497.16,111.61,53.29,153.99,1.00,-1,-1
103,6,316.76,94.24,61.76,169.59,1.00,-1,-1
103,8,187.03,95.22,56.58,154.93,1.00,-1,-1
104,1,387.73,106.37,49.99,136.76,1.00,-1,-1
104,2,534.80,111.13,34.64,137.80,1.00,-1,-1
104,3,561.95,101.44,60.00,169.66,1.00,-1,-1
104,4,494.12,111.16,52.94,154.71,1.00,-1,-1
104,6,314.65,94.04,61.24,168.56,1.00,-1,-1
104,8,186.93,95.13,56.58,154.96,1.00,-1,-1
105,1,386.70,106.18,50.62,137.15,1.00,-1,-1
105,2,535.32,110.77,35.82,137.64,1.00,-1,-1
105,3,566.90,100.39,59.95,170.45,1.00,-1,-1
105,4,490.05,111.25,53.16,155.02,1.00,-1,-1
105,6,312.71,94.38,60.56,167.55,1.00,-1,-1
105,8,186.75,94.97,56.65,155.11,1.00,-1,-1
106,1,386.16,105.93,51.03,137.35,1.00,-1,-1
106,2,534.67,110.27,36.97,137.65,1.00,-1,-1
106,3,572.82,98.84,59.42,170.22,1.00,-1,-1
106,4,484.71,112.03,53.73,154.35,1.00,-1,-1
106,6,311.24,94.90,60.30,167.50,1.00,-1,-1
106,8,186.23,94.72,56.87,155.61,1.00,-1,-1
107,1,385.68,105.81,51.30,137.70,1.00,-1,-1
107,2,531.90,109.43,38.36,138.69,1.00,-1,-1
107,3,577.09,98.42,59.86,171.46,1.00,-1,-1
107,4,477.25,112.21,55.21,153.76,1.00,-1,-1
107,6,309.82,94.71,59.99,167.37,1.00,-1,-1
107,8,186.10,94.65,57.00,155.82,1.00,-1,-1
108,1,385.70,105.65,51.46,138.51,1.00,-1,-1
108,2,528.89,108.28,39.78,139.52,1.00,-1,-1
108,3,580.60,98.35,59.66,171.41,1.00,-1,-1
108,4,471.71,112.97,56.84,152.85,1.00,-1,-1
108,6,309.09,94.79,59.70,167.21,1.00,-1,-1
108,8,185.85,94.75,56.98,155.72,1.00,-1,-1
109,1,386.15,105.63,51.13,138.86,1.00,-1,-1
109,2,527.19,107.45,41.22,140.95,1.00,-1,-1
109,3,583.15,99.47,58.70,169.63,1.00,-1,-1
109,4,467.53,114.34,58.31,151.00,1.00,-1,-1
109,6,307.79,93.55,59.82,168.43,1.00,-1,-1
109,8,185.48,94.68,56.99,155.71,1.00,-1,-1
110,1,386.84,105.76,50.83,138.97,1.00,-1,-1
110,2,524.92,107.08,42.45,141.20,1.00,-1,-1
110,3,584.26,100.17,58.11,169.03,1.00,-1,-1
110,4,464.35,114.16,60.57,151.09,1.00,-1,-1
110,6,306.62,93.51,59.76,168.92,1.00,-1,-1
110,8,185.65,94.73,56.93,155.55,1.00,-1,-1
111,1,387.48,105.89,50.55,138.96,1.00,-1,-1
111,2,522.91,106.91,43.70,141.89,1.00,-1,-1
111,3,585.53,101.97,57.00,166.99,1.00,-1,-1
111,4,462.10,114.37,62.69,150.87,1.00,-1,-1
111,6,305.26,94.03,59.54,168.71,1.00,-1,-1
111,8,185.75,94.77,56.93,155.51,1.00,-1,-1
112,1,388.43,106.35,50.39,138.84,1.00,-1,-1
112,2,520.27,108.20,44.25,140.65,1.00,-1,-1
112,3,587.53,101.96,56.13,166.74,1.00,-1,-1
112,4,461.62,115.01,64.52,150.24,1.00,-1,-1
112,6,304.33,94.97,59.02,167.48,1.00,-1,-1
112,8,185.92,94.88,56.77,155.02,1.00,-1,-1
113,1,389.27,106.20,50.30,138.85,1.00,-1,-1
113,2,518.78,109.07,44.54,139.32,1.00,-1,-1
113,3,589.48,100.66,55.61,168.54,1.00,-1,-1
113,4,460.31,115.26,65.97,149.62,1.00,-1,-1
113,6,303.83,95.77,58.60,166.52,1.00,-1,-1
113,8,186.02,94.78,56.79,155.01,1.00,-1,-1
114,1,389.94,107.34,50.09,138.25,1.00,-1,-1
114,2,515.96,110.28,45.30,138.30,1.00,-1,-1
114,3,591.84,100.46,54.29,168.51,1.00,-1,-1
114,4,458.11,114.63,67.54,150.46,1.00,-1,-1
114,6,303.29,96.30,58.02,165.41,1.00,-1,-1
114,8,186.34,94.82,56.80,155.06,1.00,-1,-1
115,1,390.55,108.51,49.82,137.62,1.00,-1,-1
115,2,513.84,110.57,46.18,138.26,1.00,-1,-1
115,3,593.96,100.00,52.95,168.87,1.00,-1,-1
115,4,455.80,114.46,68.23,150.34,1.00,-1,-1
115,6,302.44,96.65,57.55,164.77,1.00,-1,-1
115,8,186.74,94.85,56.91,155.06,1.00,-1,-1
116,1,390.82,109.48,49.66,136.94,1.00,-1,-1
116,2,511.27,111.23,46.99,137.58,1.00,-1,-1
116,3,596.14,99.30,50.83,166.71,1.00,-1,-1
116,4,452.38,113.76,68.23,150.73,1.00,-1,-1
116,6,301.82,96.94,57.10,164.09,1.00,-1,-1
116,8,187.30,94.97,57.08,154.90,1.00,-1,-1
117,1,391.42,109.99,49.30,136.07,1.00,-1,-1
117,2,509.69,111.74,47.91,138.32,1.00,-1,-1
117,3,597.95,98.20,49.45,167.33,1.00,-1,-1
117,4,448.65,113.39,68.02,151.11,1.00,-1,-1
117,6,301.34,97.02,56.79,164.07,1.00,-1,-1
117,8,187.41,94.89,57.30,154.96,1.00,-1,-1
118,1,392.86,109.85,49.62,136.11,1.00,-1,-1
118,2,508.73,111.66,48.54,138.59,1.00,-1,-1
118,3,599.68,97.37,47.82,167.11,1.00,-1,-1
118,4,443.08,112.92,67.31,151.07,1.00,-1,-1
118,6,300.72,96.26,56.54,164.49,1.00,-1,-1
118,8,188.07,94.77,57.71,155.24,1.00,-1,-1
119,1,393.92,109.09,50.54,136.98,1.00,-1,-1
119,2,506.92,111.47,49.36,139.85,1.00,-1,-1
119,3,601.80,96.62,46.14,167.23,1.00,-1,-1
119,4,438.03,112.95,65.46,151.10,1.00,-1,-1
119,6,300.43,95.59,56.21,164.68,1.00,-1,-1
119,8,189.08,94.58,58.15,155.32,1.00,-1,-1
120,1,393.99,108.71,50.71,137.22,1.00,-1,-1
120,2,505.09,110.42,49.82,140.75,1.00,-1,-1
120,3,603.73,96.36,44.52,167.60,1.00,-1,-1
120,4,434.56,112.92,63.51,151.05,1.00,-1,-1
120,6,300.37,95.29,55.87,164.71,1.00,-1,-1
120,8,189.55,93.84,58.65,156.06,1.00,-1,-1
121,1,393.75,107.86,50.95,138.34,1.00,-1,-1
121,2,503.03,109.51,49.88,140.99,1.00,-1,-1
121,3,605.73,96.51,42.68,167.29,1.00,-1,-1
121,4,432.27,113.16,61.62,151.10,1.00,-1,-1
121,6,299.89,94.91,55.41,164.55,1.00,-1,-1
121,8,190.53,93.57,58.92,156.29,1.00,-1,-1
122,1,394.14,107.78,50.76,138.76,1.00,-1,-1
122,2,500.96,108.72,50.50,142.90,1.00,-1,-1
122,3,608.06,99.89,40.25,164.54,1.00,-1,-1
122,4,430.28,112.29,60.14,151.65,1.00,-1,-1
122,6,299.74,94.54,54.56,162.89,1.00,-1,-1
122,8,191.06,93.43,59.21,156.48,1.00,-1,-1
123,1,394.23,108.30,50.14,138.66,1.00,-1,-1
123,2,499.26,108.05,51.07,144.13,1.00,-1,-1
123,3,610.81,109.06,36.58,155.54,1.00,-1,-1
123,4,427.76,112.54,58.83,151.62,1.00,-1,-1
123,6,299.13,93.85,54.31,162.93,1.00,-1,-1
123,8,191.52,93.41,59.30,156.34,1.00,-1,-1
124,1,393.73,108.46,49.76,139.18,1.00,-1,-1
124,2,497.49,108.05,51.40,144.36,1.00,-1,-1
124,3,613.45,116.95,33.36,147.75,1.00,-1,-1
124,4,422.70,113.41,58.15,150.61,1.00,-1,-1
124,6,298.21,92.87,54.18,163.51,1.00,-1,-1
124,8,191.70,93.37,59.32,156.30,1.00,-1,-1
125,1,394.72,108.78,49.59,141.33,1.00,-1,-1
125,2,496.38,108.66,51.47,143.87,1.00,-1,-1
125,3,615.80,120.74,31.07,144.08,1.00,-1,-1
125,4,420.64,114.21,57.69,149.67,1.00,-1,-1
125,6,297.27,92.97,53.87,163.53,1.00,-1,-1
125,8,192.06,93.59,59.22,156.07,1.00,-1,-1
126,1,395.02,109.14,48.60,140.82,1.00,-1,-1
126,2,494.60,109.02,51.54,144.03,1.00,-1,-1
126,3,617.86,121.29,29.36,143.31,1.00,-1,-1
126,4,419.16,115.49,57.43,148.54,1.00,-1,-1
126,6,295.85,93.00,53.66,164.21,1.00,-1,-1
126,8,192.44,93.78,59.08,155.74,1.00,-1,-1
127,1,394.46,109.36,48.29,142.02,1.00,-1,-1
127,2,492.39,109.66,51.51,143.03,1.00,-1,-1
127,3,619.28,122.83,27.62,141.73,1.00,-1,-1
127,4,416.38,115.84,57.72,147.39,1.00,-1,-1
127,6,295.38,92.79,53.52,164.21,1.00,-1,-1
127,8,192.80,93.89,58.92,155.57,1.00,-1,-1
128,1,395.40,109.87,46.43,138.53,1.00,-1,-1
128,2,488.88,110.23,52.24,142.43,1.00,-1,-1
128,3,620.23,125.17,26.01,139.83,1.00,-1,-1
128,4,412.81,116.14,58.21,146.02,1.00,-1,-1
128,6,294.47,92.69,53.54,164.58,1.00,-1,-1
128,8,192.91,93.79,58.84,155.56,1.00,-1,-1
129,1,396.62,110.18,42.54,127.50,1.00,-1,-1
129,2,485.88,110.81,52.93,141.73,1.00,-1,-1
129,4,410.16,114.61,59.78,148.26,1.00,-1,-1
129,6,290.12,92.51,54.39,164.98,1.00,-1,-1
129,8,192.97,93.80,58.73,155.36,1.00,-1,-1
130,1,397.64,110.64,39.53,119.03,1.00,-1,-1
130,2,482.92,111.33,53.58,141.67,1.00,-1,-1
130,4,408.56,113.66,60.73,149.47,1.00,-1,-1
130,6,287.34,93.01,55.30,164.13,1.00,-1,-1
130,8,193.06,93.77,58.57,154.95,1.00,-1,-1
131,2,481.55,111.69,54.14,142.20,1.00,-1,-1
131,4,404.75,112.78,61.03,150.51,1.00,-1,-1
131,6,284.89,93.67,56.12,162.83,1.00,-1,-1
131,8,193.09,93.82,58.43,154.62,1.00,-1,-1
132,2,479.48,112.13,54.52,142.34,1.00,-1,-1
132,4,401.71,112.00,60.31,149.76,1.00,-1,-1
132,6,282.33,93.40,57.14,162.60,1.00,-1,-1
132,8,193.25,93.68,58.36,154.58,1.00,-1,-1
133,2,476.28,112.19,55.41,143.21,1.00,-1,-1
133,4,398.34,111.31,59.61,149.87,1.00,-1,-1
133,6,281.12,94.46,57.49,161.27,1.00,-1,-1
133,8,192.70,93.27,58.24,154.64,1.00,-1,-1
134,2,473.71,111.97,56.19,143.49,1.00,-1,-1
134,4,396.25,110.84,58.54,149.56,1.00,-1,-1
134,6,279.07,94.68,58.50,161.20,1.00,-1,-1
134,8,192.54,93.35,57.99,154.38,1.00,-1,-1
135,2,471.47,111.66,56.77,143.30,1.00,-1,-1
135,4,393.91,109.94,57.71,150.50,1.00,-1,-1
135,6,277.38,94.26,59.33,161.73,1.00,-1,-1
135,8,192.09,93.00,58.22,155.47,1.00,-1,-1
136,2,469.79,111.42,57.16,143.29,1.00,-1,-1
136,4,393.09,109.14,56.93,150.66,1.00,-1,-1
136,6,275.35,97.27,59.17,158.85,1.00,-1,-1
136,8,191.71,92.75,58.36,156.18,1.00,-1,-1
137,2,468.07,111.64,57.17,142.58,1.00,-1,-1
137,4,392.89,108.68,56.68,151.19,1.00,-1,-1
137,6,273.96,97.16,59.68,158.87,1.00,-1,-1
137,8,191.29,92.68,58.29,156.44,1.00,-1,-1
137,22,-22.28,112.01,98.68,180.17,1.00,-1,-1
138,2,464.56,111.57,56.50,142.58,1.00,-1,-1
138,4,392.01,108.89,56.93,151.53,1.00,-1,-1
138,6,272.67,96.39,60.44,159.87,1.00,-1,-1
138,8,190.52,92.79,57.91,156.16,1.00,-1,-1
138,22,-22.43,112.59,99.19,184.13,1.00,-1,-1
139,1,413.12,108.59,46.37,146.49,1.00,-1,-1
139,2,462.61,111.75,55.41,142.33,1.00,-1,-1
139,4,387.19,109.31,57.25,150.67,1.00,-1,-1
139,6,272.37,96.90,60.46,159.15,1.00,-1,-1
139,8,189.86,92.96,57.40,155.44,1.00,-1,-1
139,22,-21.23,112.96,98.26,186.34,1.00,-1,-1
140,1,414.67,108.49,45.13,147.78,1.00,-1,-1
140,2,462.37,111.82,54.64,143.14,1.00,-1,-1
140,4,380.78,110.57,57.56,149.23,1.00,-1,-1
140,6,271.79,99.13,60.16,157.36,1.00,-1,-1
140,8,189.27,92.95,57.10,155.45,1.00,-1,-1
140,22,-19.39,113.05,95.88,186.72,1.00,-1,-1
141,1,415.62,108.18,44.24,148.71,1.00,-1,-1
141,2,461.85,112.15,53.78,143.83,1.00,-1,-1
141,4,377.07,111.57,58.40,147.63,1.00,-1,-1
141,6,271.17,97.81,60.75,158.47,1.00,-1,-1
141,8,188.59,92.76,57.05,156.25,1.00,-1,-1
141,22,-16.38,112.17,92.13,185.45,1.00,-1,-1
142,1,416.01,108.33,43.57,149.19,1.00,-1,-1
142,2,461.69,112.77,52.53,143.26,1.00,-1,-1
142,4,373.07,112.46,59.07,145.68,1.00,-1,-1
142,6,270.50,96.06,61.43,160.54,1.00,-1,-1
142,8,188.11,92.43,56.89,156.71,1.00,-1,-1
142,22,-10.40,111.93,87.90,183.12,1.00,-1,-1
143,1,415.24,108.80,43.08,148.79,1.00,-1,-1
143,2,461.16,113.16,51.48,142.69,1.00,-1,-1
143,4,367.90,113.46,59.28,144.70,1.00,-1,-1
143,6,268.72,94.66,61.75,162.10,1.00,-1,-1
143,8,187.53,92.77,56.46,156.27,1.00,-1,-1
143,22,-4.63,112.05,84.18,181.07,1.00,-1,-1
144,1,413.80,109.58,42.89,147.98,1.00,-1,-1
144,2,459.50,113.83,50.45,141.86,1.00,-1,-1
144,4,365.50,114.89,59.03,143.34,1.00,-1,-1
144,6,267.24,94.17,61.78,162.45,1.00,-1,-1
144,8,186.84,93.11,56.17,156.03,1.00,-1,-1
144,22,1.76,112.39,80.02,177.46,1.00,-1,-1
145,1,413.30,110.19,43.07,148.00,1.00,-1,-1
145,2,459.88,114.08,50.10,142.06,1.00,-1,-1
145,4,364.99,115.71,59.11,143.15,1.00,-1,-1
145,6,266.02,94.31,61.18,161.25,1.00,-1,-1
145,8,186.48,93.42,55.94,155.89,1.00,-1,-1
145,22,11.84,113.02,78.75,175.81,1.00,-1,-1
146,1,412.18,110.71,42.96,147.46,1.00,-1,-1
146,2,461.04,114.25,50.40,142.26,1.00,-1,-1
146,4,364.17,115.56,59.55,143.62,1.00,-1,-1
146,6,264.68,92.91,61.09,161.90,1.00,-1,-1
146,8,186.25,93.24,55.59,155.36,1.00,-1,-1
146,22,18.59,113.15,78.49,175.86,1.00,-1,-1
147,1,411.05,111.58,42.57,146.29,1.00,-1,-1
147,2,460.71,114.29,50.59,142.26,1.00,-1,-1
147,4,363.60,115.39,59.78,143.62,1.00,-1,-1
147,6,263.29,93.03,60.28,161.05,1.00,-1,-1
147,8,185.90,92.95,55.38,155.32,1.00,-1,-1
147,22,23.90,113.80,78.47,175.49,1.00,-1,-1
148,1,410.65,112.27,42.33,144.51,1.00,-1,-1
148,2,459.53,113.94,51.08,143.00,1.00,-1,-1
148,4,362.74,114.92,59.73,143.62,1.00,-1,-1
148,6,262.04,95.48,58.97,158.85,1.00,-1,-1
148,8,185.51,92.22,55.41,155.84,1.00,-1,-1
148,22,26.16,115.14,78.82,174.96,1.00,-1,-1
148,26,-0.34,77.30,30.84,212.15,1.00,-1,-1
149,1,410.66,112.69,42.69,144.66,1.00,-1,-1
149,2,457.66,113.47,51.63,143.74,1.00,-1,-1
149,4,362.58,113.92,60.07,144.15,1.00,-1,-1
149,6,261.08,93.88,59.03,161.01,1.00,-1,-1
149,8,185.32,91.71,55.42,156.29,1.00,-1,-1
149,22,28.28,116.30,79.05,174.49,1.00,-1,-1
149,26,-0.72,79.48,30.50,210.29,1.00,-1,-1
150,1,410.62,112.89,42.84,144.23,1.00,-1,-1
150,2,456.25,112.88,52.01,144.46,1.00,-1,-1
150,4,359.62,113.34,59.12,143.49,1.00,-1,-1
150,6,260.14,93.72,58.41,161.27,1.00,-1,-1
150,8,185.09,91.30,55.44,156.69,1.00,-1,-1
150,22,29.81,115.07,79.99,175.75,1.00,-1,-1
150,26,-0.48,81.48,30.15,208.07,1.00,-1,-1
151,1,411.34,113.36,43.07,143.81,1.00,-1,-1
151,2,455.51,112.50,52.15,144.67,1.00,-1,-1
151,4,357.07,112.77,58.22,143.23,1.00,-1,-1
151,6,259.35,93.32,57.81,161.55,1.00,-1,-1
151,8,185.02,91.11,55.35,156.92,1.00,-1,-1
151,22,31.81,115.45,79.51,174.47,1.00,-1,-1
152,1,411.92,113.49,43.30,144.14,1.00,-1,-1
152,2,453.29,111.96,51.68,144.82,1.00,-1,-1
152,4,353.87,112.24,57.54,143.61,1.00,-1,-1
152,6,258.47,93.31,56.95,160.82,1.00,-1,-1
152,8,184.91,90.73,55.32,157.22,1.00,-1,-1
152,22,33.45,114.12,79.47,175.05,1.00,-1,-1
153,1,412.15,113.46,42.97,143.11,1.00,-1,-1
153,2,449.79,111.46,50.82,145.67,1.00,-1,-1
153,4,351.41,111.71,56.69,144.26,1.00,-1,-1
153,6,258.02,93.09,56.29,160.49,1.00,-1,-1
153,8,184.97,90.36,55.28,157.54,1.00,-1,-1
153,22,36.33,113.29,78.62,174.54,1.00,-1,-1
154,1,411.67,112.89,42.96,143.64,1.00,-1,-1
154,2,448.74,110.60,50.49,146.54,1.00,-1,-1
154,4,349.60,111.59,55.70,144.03,1.00,-1,-1
154,6,257.42,93.04,55.90,160.94,1.00,-1,-1
154,8,184.97,90.27,55.15,157.55,1.00,-1,-1
154,22,41.47,113.31,76.55,172.57,1.00,-1,-1
155,1,410.70,112.48,43.07,144.21,1.00,-1,-1
155,2,448.24,110.13,50.22,147.59,1.00,-1,-1
155,4,347.69,111.72,54.67,143.64,1.00,-1,-1
155,6,257.05,92.99,55.60,161.40,1.00,-1,-1
155,8,185.06,90.23,55.02,157.46,1.00,-1,-1
155,22,48.20,112.94,74.43,172.48,1.00,-1,-1
156,1,410.37,112.26,43.10,144.53,1.00,-1,-1
156,2,447.75,110.23,49.63,147.54,1.00,-1,-1
156,4,346.11,112.56,53.85,143.36,1.00,-1,-1
156,6,256.97,93.09,55.16,161.29,1.00,-1,-1
156,8,185.16,90.24,54.92,157.37,1.00,-1,-1
156,22,57.36,112.17,72.58,172.98,1.00,-1,-1
157,1,409.07,112.17,43.31,144.70,1.00,-1,-1
157,2,446.84,110.76,49.30,147.98,1.00,-1,-1
157,4,344.89,112.58,53.14,143.85,1.00,-1,-1
157,6,257.36,93.84,54.53,160.79,1.00,-1,-1
157,8,185.46,91.03,54.63,156.57,1.00,-1,-1
157,22,64.48,111.75,70.84,173.80,1.00,-1,-1
158,1,408.01,112.20,43.59,144.89,1.00,-1,-1
158,2,447.98,110.93,49.43,148.23,1.00,-1,-1
158,4,343.67,112.94,52.18,143.51,1.00,-1,-1
158,6,257.44,93.84,54.13,160.91,1.00,-1,-1
158,8,185.60,91.40,54.54,156.34,1.00,-1,-1
158,22,69.55,111.68,69.00,173.97,1.00,-1,-1
159,1,407.09,112.70,43.67,144.46,1.00,-1,-1
159,2,447.91,111.21,49.46,148.23,1.00,-1,-1
159,4,342.09,113.34,51.19,142.59,1.00,-1,-1
159,6,257.41,94.15,53.69,161.01,1.00,-1,-1
159,8,185.63,91.38,54.59,156.46,1.00,-1,-1
159,22,76.90,112.25,67.35,172.48,1.00,-1,-1
160,1,406.70,113.32,43.71,144.23,1.00,-1,-1
160,2,448.36,111.39,50.03,148.70,1.00,-1,-1
160,4,340.70,114.13,50.32,141.88,1.00,-1,-1
160,6,257.48,94.07,53.22,161.09,1.00,-1,-1
160,8,185.82,91.44,54.57,156.40,1.00,-1,-1
160,22,84.33,111.70,66.80,171.72,1.00,-1,-1
161,1,404.31,114.08,44.06,144.08,1.00,-1,-1
161,2,448.36,112.02,50.54,148.44,1.00,-1,-1
161,4,339.69,114.49,49.73,141.30,1.00,-1,-1
161,6,257.64,94.28,52.46,160.45,1.00,-1,-1
161,8,185.93,91.53,54.51,156.23,1.00,-1,-1
161,22,90.96,111.60,67.62,171.70,1.00,-1,-1
162,1,402.77,114.62,44.47,144.00,1.00,-1,-1
162,2,446.08,112.17,51.39,149.49,1.00,-1,-1
162,4,338.97,115.48,49.00,140.15,1.00,-1,-1
162,6,257.82,93.66,52.00,160.59,1.00,-1,-1
162,8,185.85,91.18,54.56,156.42,1.00,-1,-1
162,22,93.93,113.61,67.89,169.56,1.00,-1,-1
163,1,402.35,114.92,45.09,143.83,1.00,-1,-1
163,2,443.27,111.45,52.21,150.31,1.00,-1,-1
163,4,337.99,115.36,48.74,140.25,1.00,-1,-1
163,6,258.54,92.93,51.24,159.77,1.00,-1,-1
163,8,186.02,91.40,54.48,156.21,1.00,-1,-1
163,22,98.05,114.91,69.33,168.38,1.00,-1,-1
164,1,401.64,114.74,46.05,144.36,1.00,-1,-1
164,2,441.02,110.89,52.66,149.73,1.00,-1,-1
164,4,336.93,115.02,48.16,139.17,1.00,-1,-1
164,6,259.06,92.08,50.79,159.77,1.00,-1,-1
164,8,186.13,91.27,54.48,156.30,1.00,-1,-1
164,22,98.69,115.61,70.76,167.55,1.00,-1,-1
165,1,400.07,114.29,46.76,144.67,1.00,-1,-1
165,2,438.82,110.78,52.60,149.18,1.00,-1,-1
165,4,335.43,113.95,48.36,140.10,1.00,-1,-1
165,6,259.22,91.05,50.59,160.33,1.00,-1,-1
165,8,186.06,92.12,54.46,156.33,1.00,-1,-1
165,22,99.19,115.84,72.47,167.44,1.00,-1,-1
166,1,398.46,113.50,47.50,145.32,1.00,-1,-1
166,2,437.14,109.83,53.37,149.86,1.00,-1,-1
166,4,333.85,113.63,48.54,140.75,1.00,-1,-1
166,6,259.33,89.63,50.39,160.78,1.00,-1,-1
166,8,186.38,92.57,54.07,155.39,1.00,-1,-1
166,22,99.03,115.12,74.10,167.77,1.00,-1,-1
167,1,396.48,112.48,48.12,146.08,1.00,-1,-1
167,2,434.59,108.63,54.26,151.89,1.00,-1,-1
167,4,332.02,112.57,48.83,141.81,1.00,-1,-1
167,6,259.67,88.73,49.94,160.34,1.00,-1,-1
167,8,186.36,92.53,54.19,155.73,1.00,-1,-1
167,22,100.65,113.92,75.10,168.10,1.00,-1,-1
168,1,393.28,111.70,48.60,146.97,1.00,-1,-1
168,2,432.66,107.98,55.06,153.76,1.00,-1,-1
168,4,331.18,111.89,48.16,139.86,1.00,-1,-1
168,6,259.89,88.12,49.60,160.28,1.00,-1,-1
168,8,186.47,91.71,54.34,156.11,1.00,-1,-1
168,22,102.60,113.52,75.71,168.65,1.00,-1,-1
169,1,390.22,110.73,48.98,148.31,1.00,-1,-1
169,2,432.32,107.94,55.16,154.55,1.00,-1,-1
169,4,330.24,111.30,47.96,139.07,1.00,-1,-1
169,6,259.76,87.26,49.43,160.64,1.00,-1,-1
169,8,186.44,92.06,54.23,155.88,1.00,-1,-1
169,22,105.39,112.29,75.18,167.77,1.00,-1,-1
170,1,386.84,110.33,48.92,149.26,1.00,-1,-1
170,2,432.49,108.47,54.83,154.14,1.00,-1,-1
170,4,329.47,110.71,47.94,139.21,1.00,-1,-1
170,6,259.63,86.81,49.22,160.86,1.00,-1,-1
170,8,186.63,93.16,53.88,154.83,1.00,-1,-1
170,22,110.65,109.81,74.41,168.75,1.00,-1,-1
171,1,385.06,110.49,48.40,149.30,1.00,-1,-1
171,2,432.07,109.18,54.46,153.65,1.00,-1,-1
171,4,328.44,110.43,47.95,139.39,1.00,-1,-1
171,6,259.52,86.41,49.12,161.23,1.00,-1,-1
171,8,186.65,93.22,53.90,154.96,1.00,-1,-1
171,22,115.99,108.87,73.09,169.18,1.00,-1,-1
172,1,384.92,110.47,47.90,149.51,1.00,-1,-1
172,2,430.51,110.14,53.79,152.28,1.00,-1,-1
172,4,327.86,110.59,47.68,138.86,1.00,-1,-1
172,6,259.47,86.13,48.95,161.34,1.00,-1,-1
172,8,186.73,93.38,53.88,154.93,1.00,-1,-1
172,22,122.17,107.42,71.18,170.01,1.00,-1,-1
173,1,383.72,110.86,47.40,149.24,1.00,-1,-1
173,2,429.15,110.84,53.21,151.53,1.00,-1,-1
173,4,327.15,110.47,47.49,138.43,1.00,-1,-1
173,6,258.23,85.61,49.20,162.62,1.00,-1,-1
173,8,186.62,93.44,53.90,154.92,1.00,-1,-1
173,22,128.07,104.93,69.87,172.36,1.00,-1,-1
174,1,383.05,111.90,46.62,147.98,1.00,-1,-1
174,2,425.84,111.55,53.02,151.42,1.00,-1,-1
174,4,326.54,110.59,47.35,138.09,1.00,-1,-1
174,6,257.40,84.95,49.36,163.55,1.00,-1,-1
174,8,186.48,93.60,53.92,154.84,1.00,-1,-1
174,22,133.23,101.92,68.90,175.14,1.00,-1,-1
175,1,382.44,112.55,46.32,148.08,1.00,-1,-1
175,2,425.60,111.52,53.16,151.78,1.00,-1,-1
175,4,325.29,110.58,47.47,137.91,1.00,-1,-1
175,6,257.23,85.13,49.03,163.12,1.00,-1,-1
175,8,187.28,93.02,53.83,154.91,1.00,-1,-1
175,22,138.62,106.31,65.46,170.56,1.00,-1,-1
176,1,381.02,113.27,46.00,147.35,1.00,-1,-1
176,2,424.86,111.50,53.37,151.95,1.00,-1,-1
176,4,323.24,110.30,47.91,138.28,1.00,-1,-1
176,6,257.42,85.94,48.58,162.28,1.00,-1,-1
176,8,187.71,92.52,53.73,155.04,1.00,-1,-1
176,22,142.70,107.83,63.54,168.74,1.00,-1,-1
177,1,380.10,113.84,46.25,147.88,1.00,-1,-1
177,2,424.16,111.94,53.61,151.87,1.00,-1,-1
177,4,321.18,110.66,48.33,138.18,1.00,-1,-1
177,6,257.12,86.74,48.09,161.51,1.00,-1,-1
177,8,188.90,92.16,53.51,155.82,1.00,-1,-1
177,22,147.58,109.95,62.30,167.11,1.00,-1,-1
178,1,378.49,114.31,46.27,148.06,1.00,-1,-1
178,2,423.24,111.46,54.10,152.75,1.00,-1,-1
178,4,319.29,110.74,48.92,138.52,1.00,-1,-1
178,6,257.03,86.94,47.75,161.34,1.00,-1,-1
178,8,190.89,93.16,52.21,153.77,1.00,-1,-1
178,22,151.93,111.55,61.77,165.34,1.00,-1,-1
179,1,376.80,114.15,46.35,148.52,1.00,-1,-1
179,2,421.10,109.66,54.08,152.70,1.00,-1,-1
179,4,317.71,110.13,49.31,138.84,1.00,-1,-1
179,6,257.27,87.56,47.30,160.66,1.00,-1,-1
179,8,193.01,93.44,51.22,153.45,1.00,-1,-1
179,22,155.55,111.75,62.17,164.71,1.00,-1,-1
