9,2,575.25,237.64,29.87,82.90,1.00,-1,-1
11,2,551.44,237.29,29.15,80.81,1.00,-1,-1
12,2,541.26,236.51,28.85,80.06,1.00,-1,-1
15,2,505.96,241.18,25.87,71.46,1.00,-1,-1
19,4,704.64,285.57,44.60,100.22,1.00,-1,-1
20,4,699.72,281.68,45.98,103.33,1.00,-1,-1
21,4,692.43,277.50,45.42,101.44,1.00,-1,-1
22,4,688.25,273.45,46.06,102.34,1.00,-1,-1
24,4,673.08,268.92,44.16,98.53,1.00,-1,-1
25,4,670.21,263.23,43.58,98.30,1.00,-1,-1
26,4,668.59,260.55,42.99,98.32,1.00,-1,-1
27,2,381.33,175.22,43.64,123.40,1.00,-1,-1
27,4,667.93,260.86,41.18,94.95,1.00,-1,-1
28,2,377.19,173.38,43.83,125.57,1.00,-1,-1
28,4,665.41,258.53,42.16,97.73,1.00,-1,-1
29,2,375.97,171.23,43.73,127.43,1.00,-1,-1
29,4,660.82,259.57,39.10,90.98,1.00,-1,-1
30,2,376.30,173.11,42.39,124.96,1.00,-1,-1
30,4,643.06,256.45,38.99,91.67,1.00,-1,-1
31,2,377.72,176.80,39.45,116.48,1.00,-1,-1
31,4,635.82,256.61,38.16,89.80,1.00,-1,-1
32,4,630.37,253.89,40.05,92.65,1.00,-1,-1
33,4,627.97,250.07,41.63,95.45,1.00,-1,-1
34,4,625.77,247.74,42.02,95.36,1.00,-1,-1
35,4,623.22,242.59,42.98,97.69,1.00,-1,-1
36,4,621.16,245.97,40.39,91.04,1.00,-1,-1
39,4,590.72,235.99,41.21,93.76,1.00,-1,-1
40,4,581.37,236.47,40.18,91.59,1.00,-1,-1
41,4,574.23,234.38,40.31,92.34,1.00,-1,-1
42,4,569.39,231.56,41.42,95.22,1.00,-1,-1
43,4,566.22,230.89,40.96,94.59,1.00,-1,-1
53,8,669.91,261.34,27.69,98.29,1.00,-1,-1
54,8,663.55,261.55,26.53,92.27,1.00,-1,-1
56,8,647.37,258.70,27.83,95.60,1.00,-1,-1
57,8,644.19,256.22,28.17,96.45,1.00,-1,-1
58,4,380.71,168.88,42.12,99.20,1.00,-1,-1
58,8,637.24,245.99,30.17,103.95,1.00,-1,-1
59,8,632.66,241.90,30.90,106.73,1.00,-1,-1
60,8,627.89,241.69,30.31,103.98,1.00,-1,-1
61,8,622.48,240.12,29.15,98.65,1.00,-1,-1
62,8,618.15,235.95,29.80,98.83,1.00,-1,-1
66,8,605.53,222.78,31.61,105.10,1.00,-1,-1
70,8,589.02,200.03,34.00,112.80,1.00,-1,-1
71,8,586.76,199.44,33.45,109.81,1.00,-1,-1
72,8,584.55,197.57,33.16,108.05,1.00,-1,-1
73,8,582.01,198.21,32.24,104.62,1.00,-1,-1
74,8,580.75,199.79,31.71,102.91,1.00,-1,-1
75,8,579.07,202.71,29.95,96.56,1.00,-1,-1
93,8,488.29,163.55,21.77,65.38,1.00,-1,-1
94,8,486.40,161.41,23.06,64.63,1.00,-1,-1
96,8,487.41,162.17,23.21,61.88,1.00,-1,-1
97,8,488.77,157.93,25.32,66.57,1.00,-1,-1
98,8,489.63,156.91,25.53,65.54,1.00,-1,-1
99,8,492.42,158.52,25.02,61.88,1.00,-1,-1
99,9,228.99,55.12,13.29,38.02,1.00,-1,-1
100,8,495.33,160.56,25.20,59.60,1.00,-1,-1
100,9,226.45,53.45,13.58,38.81,1.00,-1,-1
101,8,498.37,161.41,24.76,57.28,1.00,-1,-1
101,9,223.92,53.06,14.10,40.13,1.00,-1,-1
102,8,502.77,159.24,24.72,56.68,1.00,-1,-1
102,9,221.04,54.31,14.15,40.00,1.00,-1,-1
103,8,506.31,156.96,24.48,55.34,1.00,-1,-1
103,9,218.31,54.08,14.47,40.67,1.00,-1,-1
104,8,510.01,154.68,24.57,55.55,1.00,-1,-1
104,9,215.44,53.21,15.28,43.25,1.00,-1,-1
105,8,515.70,155.14,24.69,55.19,1.00,-1,-1
105,9,212.26,54.52,15.43,43.36,1.00,-1,-1
106,8,519.26,154.22,26.08,57.62,1.00,-1,-1
106,9,208.88,55.80,15.15,42.28,1.00,-1,-1
107,8,521.52,151.10,27.32,60.28,1.00,-1,-1
108,8,523.58,145.09,28.14,62.17,1.00,-1,-1
109,8,524.24,149.60,27.89,60.90,1.00,-1,-1
110,8,525.06,152.29,27.01,58.77,1.00,-1,-1
110,9,201.82,61.38,15.32,43.54,1.00,-1,-1
111,8,528.03,149.93,27.04,58.98,1.00,-1,-1
111,10,532.62,137.20,26.85,54.57,1.00,-1,-1
112,8,534.30,146.14,26.73,57.76,1.00,-1,-1
112,10,537.21,132.21,27.35,55.83,1.00,-1,-1
113,8,537.71,142.97,27.23,58.31,1.00,-1,-1
113,10,539.87,131.85,26.86,55.12,1.00,-1,-1
114,8,542.32,142.86,27.52,58.55,1.00,-1,-1
114,10,548.79,135.97,27.67,56.75,1.00,-1,-1
115,8,545.28,142.73,28.06,59.39,1.00,-1,-1
115,10,553.33,137.56,28.28,58.03,1.00,-1,-1
116,8,547.24,139.77,28.84,60.82,1.00,-1,-1
116,10,555.77,136.49,28.98,59.44,1.00,-1,-1
117,8,550.54,138.61,28.39,60.38,1.00,-1,-1
117,10,558.57,136.53,27.83,57.47,1.00,-1,-1
118,8,557.19,136.75,28.27,60.33,1.00,-1,-1
119,8,559.73,137.36,28.02,59.58,1.00,-1,-1
120,8,561.41,136.95,27.62,58.68,1.00,-1,-1
120,9,160.45,71.84,14.44,40.60,1.00,-1,-1
120,10,587.68,140.72,24.10,50.32,1.00,-1,-1
121,8,568.94,134.70,27.27,59.01,1.00,-1,-1
121,9,158.07,70.08,14.42,40.60,1.00,-1,-1
121,10,590.35,141.93,25.08,53.49,1.00,-1,-1
121,12,648.60,143.35,21.01,49.51,1.00,-1,-1
122,8,573.25,131.53,25.92,56.64,1.00,-1,-1
122,9,156.87,70.20,14.38,40.59,1.00,-1,-1
122,10,590.80,140.41,24.23,51.92,1.00,-1,-1
122,12,649.79,139.44,20.68,48.72,1.00,-1,-1
123,8,577.84,131.79,23.56,51.50,1.00,-1,-1
123,9,154.90,68.94,14.72,41.74,1.00,-1,-1
123,10,591.79,139.92,23.67,50.23,1.00,-1,-1
124,8,579.17,131.24,23.73,52.15,1.00,-1,-1
124,9,153.92,69.22,14.51,41.33,1.00,-1,-1
124,10,591.50,139.75,24.57,52.10,1.00,-1,-1
125,8,580.52,131.07,23.67,52.53,1.00,-1,-1
125,9,153.11,68.84,14.83,42.56,1.00,-1,-1
125,10,593.32,138.45,24.23,51.94,1.00,-1,-1
126,8,582.71,132.26,21.97,49.18,1.00,-1,-1
126,9,151.83,69.38,15.21,43.63,1.00,-1,-1
126,10,596.35,137.68,22.78,49.31,1.00,-1,-1
127,8,584.80,133.73,20.60,46.59,1.00,-1,-1
127,9,150.55,69.46,15.30,43.95,1.00,-1,-1
127,10,598.99,135.95,22.18,48.76,1.00,-1,-1
128,10,600.44,132.52,24.02,53.27,1.00,-1,-1
129,10,600.84,130.61,25.32,57.01,1.00,-1,-1
130,10,601.50,128.20,26.24,59.80,1.00,-1,-1
131,10,602.88,124.72,26.89,61.57,1.00,-1,-1
132,10,605.33,121.45,27.66,63.62,1.00,-1,-1
133,10,606.97,121.21,26.74,61.54,1.00,-1,-1
134,10,609.54,121.88,25.11,58.24,1.00,-1,-1
135,10,610.70,120.38,24.96,58.53,1.00,-1,-1
136,8,625.86,120.11,26.05,60.52,1.00,-1,-1
136,10,610.30,113.28,27.06,64.68,1.00,-1,-1
137,8,629.04,119.64,25.20,60.16,1.00,-1,-1
137,10,612.08,111.29,26.59,64.83,1.00,-1,-1
138,8,630.10,120.24,24.37,59.00,1.00,-1,-1
138,10,614.10,113.51,25.59,62.90,1.00,-1,-1
139,8,631.42,121.19,23.30,56.86,1.00,-1,-1
139,10,616.72,116.93,23.16,56.98,1.00,-1,-1
140,8,633.34,123.04,21.56,52.71,1.00,-1,-1
140,10,619.46,121.08,20.26,49.85,1.00,-1,-1
141,8,634.88,121.70,20.90,51.21,1.00,-1,-1
141,10,621.61,121.14,19.20,47.00,1.00,-1,-1
142,8,637.04,118.13,20.94,51.62,1.00,-1,-1
142,10,623.33,120.42,18.57,45.35,1.00,-1,-1
143,8,637.20,116.45,21.54,53.19,1.00,-1,-1
143,10,624.24,121.06,18.16,44.05,1.00,-1,-1
144,8,638.30,114.58,21.49,52.97,1.00,-1,-1
145,8,638.67,114.26,21.71,52.93,1.00,-1,-1
146,8,639.72,114.21,21.37,51.62,1.00,-1,-1
147,8,641.12,114.93,21.33,50.77,1.00,-1,-1
148,8,642.51,115.32,20.77,48.74,1.00,-1,-1
149,8,643.01,112.78,21.71,50.64,1.00,-1,-1
150,8,644.15,111.09,22.03,50.90,1.00,-1,-1
151,8,646.61,109.52,21.89,50.19,1.00,-1,-1
152,8,647.60,107.77,21.70,49.68,1.00,-1,-1
152,10,671.40,110.95,18.85,44.35,1.00,-1,-1
153,8,648.86,104.95,22.68,52.14,1.00,-1,-1
153,9,50.01,97.67,13.06,38.10,1.00,-1,-1
153,10,673.16,109.13,20.11,46.51,1.00,-1,-1
154,8,648.97,104.68,23.12,53.54,1.00,-1,-1
154,10,673.84,107.72,21.57,49.69,1.00,-1,-1
155,8,648.93,102.61,23.68,55.03,1.00,-1,-1
155,10,673.18,104.05,23.09,53.00,1.00,-1,-1
156,8,650.90,104.86,22.43,52.31,1.00,-1,-1
156,10,675.34,105.95,23.02,52.59,1.00,-1,-1
157,8,653.66,107.99,20.69,48.37,1.00,-1,-1
157,9,40.37,98.63,12.73,37.60,1.00,-1,-1
157,10,676.39,104.42,22.91,52.08,1.00,-1,-1
158,8,654.74,108.41,20.87,48.54,1.00,-1,-1
158,10,674.59,102.01,25.73,58.06,1.00,-1,-1
159,8,655.66,108.38,21.29,49.39,1.00,-1,-1
159,10,673.18,100.77,27.60,61.82,1.00,-1,-1
160,8,655.28,107.80,21.59,49.79,1.00,-1,-1
160,10,671.58,98.44,28.15,62.52,1.00,-1,-1
161,10,671.29,96.07,28.60,63.47,1.00,-1,-1
162,10,669.75,96.26,30.88,68.42,1.00,-1,-1
163,10,668.92,97.52,32.32,71.86,1.00,-1,-1
164,10,668.98,96.82,32.51,72.52,1.00,-1,-1
165,10,671.03,100.45,28.83,63.55,1.00,-1,-1
166,10,670.97,101.46,27.42,59.70,1.00,-1,-1
167,8,659.35,127.97,20.02,45.90,1.00,-1,-1
167,10,671.44,106.76,26.75,58.19,1.00,-1,-1
168,8,657.40,130.19,20.81,47.45,1.00,-1,-1
168,10,671.34,110.57,26.40,57.19,1.00,-1,-1
170,10,674.32,112.79,24.31,52.60,1.00,-1,-1
172,8,643.53,133.51,22.19,50.98,1.00,-1,-1
173,8,641.81,134.70,20.89,47.73,1.00,-1,-1
174,8,638.12,134.23,21.55,49.14,1.00,-1,-1
174,10,677.43,111.16,21.39,45.64,1.00,-1,-1
175,10,681.89,106.02,20.71,43.44,1.00,-1,-1
175,16,546.37,216.67,32.27,80.84,1.00,-1,-1
176,8,633.20,134.17,22.63,51.94,1.00,-1,-1
176,10,682.32,103.52,21.19,43.87,1.00,-1,-1
176,16,551.03,211.40,34.40,86.45,1.00,-1,-1
177,10,683.65,102.68,20.68,42.27,1.00,-1,-1
178,17,608.24,135.35,19.37,49.40,1.00,-1,-1
179,10,686.90,100.22,20.68,41.78,1.00,-1,-1
179,16,574.37,213.85,37.00,93.56,1.00,-1,-1
180,16,579.43,215.70,36.91,93.72,1.00,-1,-1
181,16,587.15,213.47,37.35,96.02,1.00,-1,-1
182,17,598.87,138.73,19.95,50.90,1.00,-1,-1
183,17,597.78,141.92,19.68,50.43,1.00,-1,-1
185,18,576.31,144.90,19.01,52.78,1.00,-1,-1
186,16,626.03,226.40,31.66,82.18,1.00,-1,-1
186,18,574.16,142.50,18.52,51.20,1.00,-1,-1
187,16,638.38,233.14,32.41,84.55,1.00,-1,-1
188,16,644.48,235.93,32.06,84.53,1.00,-1,-1
188,18,559.89,144.36,23.28,64.23,1.00,-1,-1
189,16,651.08,236.86,32.31,85.52,1.00,-1,-1
196,18,518.69,153.57,24.73,68.41,1.00,-1,-1
197,18,512.19,155.28,24.66,68.51,1.00,-1,-1
197,20,585.75,259.92,34.85,98.98,1.00,-1,-1
198,18,506.53,156.17,25.11,69.23,1.00,-1,-1
198,20,589.24,258.80,36.77,104.36,1.00,-1,-1
199,18,501.81,158.38,24.67,66.24,1.00,-1,-1
202,10,681.02,89.79,25.41,48.77,1.00,-1,-1
202,20,624.42,274.25,38.07,107.60,1.00,-1,-1
203,20,632.90,281.42,35.16,98.42,1.00,-1,-1
204,20,637.81,285.56,33.57,92.78,1.00,-1,-1
207,23,50.54,159.25,24.44,58.36,1.00,-1,-1
208,10,677.25,96.65,26.12,48.98,1.00,-1,-1
208,23,46.41,156.11,24.29,58.14,1.00,-1,-1
209,10,675.73,97.53,26.70,50.27,1.00,-1,-1
209,23,43.03,152.73,25.58,61.40,1.00,-1,-1
210,10,674.31,96.11,27.62,52.06,1.00,-1,-1
210,23,41.41,150.70,26.54,64.10,1.00,-1,-1
211,10,673.59,98.47,28.02,52.74,1.00,-1,-1
211,23,41.47,147.30,26.06,63.62,1.00,-1,-1
212,10,674.22,101.47,27.46,51.11,1.00,-1,-1
212,23,30.82,137.34,29.36,72.17,1.00,-1,-1
213,10,673.14,101.21,28.73,53.26,1.00,-1,-1
213,23,25.58,142.56,28.43,69.65,1.00,-1,-1
214,10,673.37,103.78,27.62,51.27,1.00,-1,-1
214,23,20.88,146.86,26.41,65.32,1.00,-1,-1
215,10,675.08,109.33,24.39,45.48,1.00,-1,-1
215,20,638.80,295.13,40.74,115.47,1.00,-1,-1
215,23,16.84,148.71,25.46,62.51,1.00,-1,-1
216,10,674.68,109.86,23.89,44.68,1.00,-1,-1
216,20,634.99,296.79,39.53,115.19,1.00,-1,-1
216,23,16.24,150.64,23.73,58.44,1.00,-1,-1
217,10,673.85,104.00,25.18,47.09,1.00,-1,-1
217,20,629.93,297.97,38.91,116.17,1.00,-1,-1
217,23,15.37,151.72,22.17,54.90,1.00,-1,-1
218,20,622.50,300.67,38.62,113.18,1.00,-1,-1
218,23,16.22,154.83,19.32,47.93,1.00,-1,-1
219,10,672.97,106.69,25.40,47.42,1.00,-1,-1
220,10,671.91,105.76,25.29,47.59,1.00,-1,-1
220,20,602.07,293.90,39.67,119.34,1.00,-1,-1
221,10,670.97,106.62,24.86,46.77,1.00,-1,-1
221,20,588.90,289.43,42.08,128.26,1.00,-1,-1
222,10,669.45,107.30,25.57,47.52,1.00,-1,-1
222,20,579.70,290.17,41.81,125.79,1.00,-1,-1
222,26,659.20,120.28,18.77,38.70,1.00,-1,-1
223,10,669.98,111.13,25.09,46.13,1.00,-1,-1
223,18,344.81,168.88,29.83,78.96,1.00,-1,-1
224,10,671.63,112.64,23.60,43.49,1.00,-1,-1
224,18,337.11,173.29,31.76,78.77,1.00,-1,-1
224,26,661.17,123.26,18.31,37.67,1.00,-1,-1
225,10,670.58,113.24,23.56,43.40,1.00,-1,-1
225,20,555.29,282.06,38.98,118.56,1.00,-1,-1
225,26,660.19,123.10,18.97,38.89,1.00,-1,-1
226,10,666.93,112.22,25.98,48.11,1.00,-1,-1
226,20,546.07,284.98,35.09,106.87,1.00,-1,-1
226,26,658.88,121.06,20.82,42.63,1.00,-1,-1
227,20,539.23,283.62,34.66,105.88,1.00,-1,-1
227,26,658.58,120.90,20.94,42.72,1.00,-1,-1
228,26,657.62,119.04,21.69,44.20,1.00,-1,-1
229,18,308.02,164.45,32.75,82.24,1.00,-1,-1
229,26,657.00,120.37,21.19,42.93,1.00,-1,-1
230,26,657.10,123.17,20.65,41.73,1.00,-1,-1
231,26,656.46,124.27,20.94,42.22,1.00,-1,-1
232,26,656.21,125.45,20.82,41.76,1.00,-1,-1
233,10,666.85,121.12,24.06,44.59,1.00,-1,-1
233,26,654.98,125.46,21.30,42.80,1.00,-1,-1
234,26,654.36,125.75,20.92,42.00,1.00,-1,-1
235,26,654.41,126.41,20.64,41.39,1.00,-1,-1
235,28,700.32,298.56,37.08,87.11,1.00,-1,-1
236,26,652.80,127.49,21.30,42.49,1.00,-1,-1
237,26,651.84,128.71,21.39,42.81,1.00,-1,-1
238,26,651.64,129.76,21.13,42.50,1.00,-1,-1
238,28,681.40,292.48,37.17,88.08,1.00,-1,-1
239,26,651.67,130.35,20.73,41.76,1.00,-1,-1
239,28,675.67,288.49,37.97,90.62,1.00,-1,-1
240,26,652.23,130.98,20.57,41.33,1.00,-1,-1
240,28,668.55,285.45,39.83,94.78,1.00,-1,-1
241,26,651.71,131.96,21.30,43.01,1.00,-1,-1
241,28,663.64,282.15,41.27,98.37,1.00,-1,-1
242,26,650.57,133.91,21.65,44.16,1.00,-1,-1
243,10,668.32,130.19,22.53,42.46,1.00,-1,-1
243,26,649.51,134.02,21.82,45.00,1.00,-1,-1
244,10,668.85,130.92,22.17,42.70,1.00,-1,-1
244,26,648.52,134.16,21.40,44.69,1.00,-1,-1
245,10,667.89,131.78,22.43,43.74,1.00,-1,-1
245,26,647.26,133.18,22.26,46.89,1.00,-1,-1
245,28,642.07,273.81,38.24,92.31,1.00,-1,-1
246,10,667.00,132.56,22.72,44.90,1.00,-1,-1
246,26,646.16,134.11,23.42,49.68,1.00,-1,-1
246,28,634.24,270.95,36.36,89.68,1.00,-1,-1
247,10,667.60,133.25,22.38,44.51,1.00,-1,-1
247,26,647.39,135.06,22.84,48.81,1.00,-1,-1
247,28,629.81,269.30,34.48,86.69,1.00,-1,-1
248,10,667.90,134.28,22.09,44.23,1.00,-1,-1
248,26,648.27,136.35,22.04,47.36,1.00,-1,-1
248,28,626.92,270.29,32.37,81.58,1.00,-1,-1
249,26,648.85,137.03,21.98,47.55,1.00,-1,-1
250,20,552.31,178.95,28.84,82.63,1.00,-1,-1
250,26,648.23,136.79,22.42,48.89,1.00,-1,-1
251,26,645.91,136.46,23.30,51.12,1.00,-1,-1
252,26,645.67,137.05,22.54,49.50,1.00,-1,-1
252,28,591.13,258.17,37.89,97.13,1.00,-1,-1
253,26,645.51,136.04,22.66,49.69,1.00,-1,-1
253,28,583.73,254.43,39.21,102.36,1.00,-1,-1
254,26,644.11,135.99,23.02,49.89,1.00,-1,-1
254,28,578.02,259.10,36.09,94.73,1.00,-1,-1
255,18,178.67,158.93,24.75,61.72,1.00,-1,-1
255,26,642.94,135.81,23.90,51.28,1.00,-1,-1
255,28,572.54,260.37,34.76,91.43,1.00,-1,-1
256,18,176.04,160.24,25.20,62.10,1.00,-1,-1
256,26,642.31,136.48,23.91,51.31,1.00,-1,-1
257,18,173.65,158.90,25.54,62.84,1.00,-1,-1
257,26,641.24,136.92,23.83,51.49,1.00,-1,-1
258,18,169.63,158.51,26.04,62.39,1.00,-1,-1
258,26,639.85,138.30,23.31,50.73,1.00,-1,-1
259,18,167.90,158.33,25.33,59.01,1.00,-1,-1
259,26,638.75,137.99,23.67,51.94,1.00,-1,-1
260,18,167.20,158.17,25.54,58.08,1.00,-1,-1
260,26,638.48,137.15,23.79,52.06,1.00,-1,-1
261,18,166.44,155.83,25.89,58.95,1.00,-1,-1
261,20,623.96,137.28,16.76,44.40,1.00,-1,-1
261,26,637.25,138.34,23.64,51.99,1.00,-1,-1
262,18,164.01,156.56,25.71,58.17,1.00,-1,-1
262,20,625.16,138.06,17.86,44.59,1.00,-1,-1
262,26,635.61,139.64,24.02,52.98,1.00,-1,-1
263,18,161.41,158.69,25.46,56.95,1.00,-1,-1
263,20,624.11,137.45,18.98,45.27,1.00,-1,-1
263,26,633.47,140.37,23.77,52.13,1.00,-1,-1
264,18,160.82,158.44,25.20,56.22,1.00,-1,-1
264,20,622.54,137.05,20.04,46.14,1.00,-1,-1
264,26,631.24,139.48,24.74,53.81,1.00,-1,-1
265,20,621.68,137.11,21.20,47.61,1.00,-1,-1
265,26,630.52,139.12,25.34,54.60,1.00,-1,-1
266,20,620.92,137.76,21.95,48.68,1.00,-1,-1
266,26,630.22,140.62,25.04,53.72,1.00,-1,-1
267,20,618.64,138.69,22.30,49.06,1.00,-1,-1
267,26,630.50,141.85,24.05,51.72,1.00,-1,-1
268,20,616.59,139.07,23.60,51.60,1.00,-1,-1
268,26,630.03,142.41,24.88,53.74,1.00,-1,-1
269,18,138.56,151.96,26.95,59.07,1.00,-1,-1
269,20,614.28,139.18,24.73,53.67,1.00,-1,-1
269,26,629.29,142.85,25.26,54.52,1.00,-1,-1
270,20,612.25,139.49,24.81,53.91,1.00,-1,-1
270,26,630.58,141.86,25.33,55.00,1.00,-1,-1
270,28,468.99,239.55,32.89,88.18,1.00,-1,-1
271,20,610.93,139.63,24.53,53.53,1.00,-1,-1
271,26,631.45,141.19,24.96,54.48,1.00,-1,-1
271,28,463.54,243.44,31.49,83.45,1.00,-1,-1
272,20,610.26,140.59,23.50,51.49,1.00,-1,-1
273,20,609.96,140.34,23.62,51.91,1.00,-1,-1
274,20,608.46,141.84,24.24,53.26,1.00,-1,-1
275,20,607.74,142.13,24.67,53.70,1.00,-1,-1
275,30,24.96,175.28,27.29,75.41,1.00,-1,-1
276,20,607.18,141.70,25.11,54.64,1.00,-1,-1
276,28,430.20,235.02,32.23,87.83,1.00,-1,-1
276,30,21.59,176.91,26.91,73.74,1.00,-1,-1
277,20,608.05,141.58,25.35,55.22,1.00,-1,-1
277,28,424.93,237.58,31.01,84.76,1.00,-1,-1
277,30,17.60,178.63,27.27,74.02,1.00,-1,-1
278,20,607.83,142.29,25.06,54.21,1.00,-1,-1
278,28,421.31,236.43,30.31,83.27,1.00,-1,-1
278,30,14.51,177.82,27.92,75.17,1.00,-1,-1
279,20,607.84,142.88,25.09,53.98,1.00,-1,-1
279,30,12.21,178.39,27.39,73.06,1.00,-1,-1
280,20,607.81,145.85,25.11,53.45,1.00,-1,-1
280,30,10.79,179.02,27.50,72.48,1.00,-1,-1
281,20,608.03,148.50,24.63,51.54,1.00,-1,-1
281,30,9.97,179.20,26.64,69.90,1.00,-1,-1
282,20,608.48,151.13,24.03,49.96,1.00,-1,-1
282,30,9.85,179.87,26.31,68.87,1.00,-1,-1
283,18,126.52,159.49,23.59,51.32,1.00,-1,-1
283,20,608.49,151.78,23.45,48.34,1.00,-1,-1
283,30,9.77,176.90,26.35,69.14,1.00,-1,-1
284,20,608.32,151.96,23.40,47.99,1.00,-1,-1
284,30,9.92,176.52,25.28,66.54,1.00,-1,-1
285,18,127.56,157.75,26.12,56.68,1.00,-1,-1
285,20,608.81,154.12,22.87,46.53,1.00,-1,-1
286,20,607.30,153.54,24.11,48.80,1.00,-1,-1
287,20,606.96,154.04,24.31,48.90,1.00,-1,-1
288,20,606.60,154.20,24.25,48.79,1.00,-1,-1
291,18,143.41,158.38,32.02,72.22,1.00,-1,-1
292,20,597.01,158.44,30.70,61.89,1.00,-1,-1
292,28,278.36,157.25,25.93,72.04,1.00,-1,-1
293,20,595.36,158.60,31.53,64.01,1.00,-1,-1
293,28,273.69,156.97,26.05,72.94,1.00,-1,-1
294,20,594.33,159.78,30.97,63.42,1.00,-1,-1
299,18,171.78,159.65,29.17,66.87,1.00,-1,-1
300,20,583.25,164.27,35.10,71.83,1.00,-1,-1
301,18,193.15,166.56,30.54,70.36,1.00,-1,-1
301,20,582.12,165.19,34.27,70.22,1.00,-1,-1
302,18,197.83,166.26,30.75,71.75,1.00,-1,-1
303,18,206.78,165.58,28.75,68.65,1.00,-1,-1
303,20,581.91,169.22,33.29,68.84,1.00,-1,-1
304,18,211.60,164.02,29.98,72.33,1.00,-1,-1
304,20,583.49,171.25,32.93,68.45,1.00,-1,-1
305,18,213.37,168.94,30.06,72.41,1.00,-1,-1
305,20,585.27,173.89,32.11,67.51,1.00,-1,-1
306,20,586.91,175.95,31.77,67.84,1.00,-1,-1
307,18,214.36,169.80,27.27,66.05,1.00,-1,-1
308,18,213.19,168.26,26.52,64.59,1.00,-1,-1
308,20,589.18,180.89,31.52,67.72,1.00,-1,-1
311,20,600.25,177.68,32.08,70.37,1.00,-1,-1
314,40,178.80,167.33,27.06,59.22,1.00,-1,-1
315,20,605.03,181.39,33.32,74.73,1.00,-1,-1
315,40,178.70,166.65,27.53,60.26,1.00,-1,-1
319,20,604.28,183.73,33.03,74.28,1.00,-1,-1
320,20,604.74,187.15,32.09,72.67,1.00,-1,-1
328,20,627.64,200.03,30.05,68.47,1.00,-1,-1
329,20,630.48,199.47,31.10,72.24,1.00,-1,-1
330,20,633.62,201.50,30.00,71.52,1.00,-1,-1
331,20,634.11,202.42,30.25,73.34,1.00,-1,-1
332,20,633.98,202.15,32.11,79.30,1.00,-1,-1
333,20,637.99,208.48,30.56,75.38,1.00,-1,-1
334,20,636.04,203.66,33.21,84.43,1.00,-1,-1
335,20,637.68,205.05,31.59,81.99,1.00,-1,-1
336,20,641.09,211.06,30.03,78.21,1.00,-1,-1
337,20,641.09,214.60,30.21,76.68,1.00,-1,-1
338,20,640.10,214.66,31.31,77.64,1.00,-1,-1
339,20,641.65,215.63,32.14,79.26,1.00,-1,-1
340,20,644.16,216.16,32.18,79.39,1.00,-1,-1
340,40,323.73,199.12,41.65,94.79,1.00,-1,-1
341,20,645.74,217.19,31.73,78.85,1.00,-1,-1
342,20,647.13,219.27,31.35,78.74,1.00,-1,-1
343,20,648.07,220.00,30.79,78.72,1.00,-1,-1
344,20,648.41,217.98,31.46,81.86,1.00,-1,-1
345,20,649.07,218.89,31.14,82.45,1.00,-1,-1
345,40,344.82,212.82,41.97,99.88,1.00,-1,-1
346,20,649.96,219.54,30.85,83.12,1.00,-1,-1
346,40,348.14,199.21,45.28,113.84,1.00,-1,-1
347,20,665.09,222.78,30.18,81.48,1.00,-1,-1
347,40,354.44,196.58,44.72,117.75,1.00,-1,-1
348,20,672.63,226.44,29.46,79.93,1.00,-1,-1
348,40,361.11,199.57,41.54,112.48,1.00,-1,-1
349,20,675.94,227.60,29.02,78.68,1.00,-1,-1
349,40,366.94,203.30,39.71,109.46,1.00,-1,-1
350,20,676.54,227.02,30.40,82.63,1.00,-1,-1
351,20,680.38,224.44,31.91,88.01,1.00,-1,-1
351,40,383.59,193.95,41.12,117.06,1.00,-1,-1
352,40,387.29,190.48,41.54,121.39,1.00,-1,-1
353,40,393.46,196.58,41.81,125.40,1.00,-1,-1
354,40,395.34,187.15,44.65,138.18,1.00,-1,-1
355,40,398.31,182.78,44.66,142.50,1.00,-1,-1
359,20,706.36,240.73,31.60,84.45,1.00,-1,-1
359,40,421.84,220.92,33.34,108.09,1.00,-1,-1
360,40,427.34,215.00,32.91,108.73,1.00,-1,-1
361,40,431.22,208.14,33.84,114.07,1.00,-1,-1
362,40,434.40,189.97,40.24,139.47,1.00,-1,-1
363,40,441.17,188.66,40.83,144.55,1.00,-1,-1
364,40,446.22,187.93,41.17,146.64,1.00,-1,-1
365,40,455.70,186.58,40.91,147.00,1.00,-1,-1
366,40,465.17,193.74,39.01,142.10,1.00,-1,-1
367,40,471.02,192.80,38.86,143.66,1.00,-1,-1
368,40,475.60,192.70,37.54,139.74,1.00,-1,-1
372,40,504.80,238.65,29.92,107.72,1.00,-1,-1
377,20,645.24,213.67,31.44,88.14,1.00,-1,-1
377,40,542.67,269.72,27.48,92.74,1.00,-1,-1
378,40,547.16,265.41,29.60,97.28,1.00,-1,-1
379,40,550.95,256.69,31.76,104.97,1.00,-1,-1
380,40,555.70,253.94,32.68,107.71,1.00,-1,-1
382,40,569.43,264.07,35.40,114.69,1.00,-1,-1
383,40,576.28,269.17,34.93,113.21,1.00,-1,-1
384,40,584.96,268.35,36.64,119.80,1.00,-1,-1
385,40,588.95,268.96,37.29,121.97,1.00,-1,-1
386,40,595.75,274.85,36.43,118.43,1.00,-1,-1
386,47,557.76,161.72,28.07,66.71,1.00,-1,-1
387,47,561.23,162.25,28.00,66.60,1.00,-1,-1
388,47,565.05,162.30,28.39,67.84,1.00,-1,-1
389,40,621.91,291.35,29.62,92.47,1.00,-1,-1
389,47,568.07,163.79,27.54,66.17,1.00,-1,-1
390,40,629.11,288.12,33.88,100.42,1.00,-1,-1
391,40,634.96,288.29,35.44,101.07,1.00,-1,-1
392,40,641.50,289.59,35.27,100.33,1.00,-1,-1
393,47,576.01,151.71,29.02,70.02,1.00,-1,-1
394,40,660.48,294.50,34.09,96.54,1.00,-1,-1
394,47,578.88,152.87,27.69,66.82,1.00,-1,-1
395,40,664.92,295.12,35.59,100.91,1.00,-1,-1
395,47,581.46,152.55,26.08,63.03,1.00,-1,-1
396,40,671.69,297.34,38.59,106.14,1.00,-1,-1
397,40,679.44,297.53,38.60,106.92,1.00,-1,-1
399,47,595.26,140.60,25.13,60.56,1.00,-1,-1
400,40,692.87,303.02,40.22,106.22,1.00,-1,-1
400,47,596.14,141.34,25.08,59.73,1.00,-1,-1
401,40,696.56,302.75,42.89,108.80,1.00,-1,-1
401,47,596.64,140.03,25.36,60.14,1.00,-1,-1
402,40,699.48,303.27,44.29,109.49,1.00,-1,-1
402,47,596.29,140.13,25.61,60.41,1.00,-1,-1
403,40,704.31,303.89,45.41,109.63,1.00,-1,-1
403,47,596.38,139.78,25.61,59.70,1.00,-1,-1
404,40,712.13,308.61,43.15,103.61,1.00,-1,-1
404,47,596.17,138.56,26.04,60.34,1.00,-1,-1
405,20,576.18,133.05,22.11,57.63,1.00,-1,-1
409,20,575.63,134.80,20.36,51.07,1.00,-1,-1
410,20,574.24,134.60,21.41,51.64,1.00,-1,-1
411,20,573.49,134.21,23.44,55.60,1.00,-1,-1
412,20,573.19,134.91,23.70,55.49,1.00,-1,-1
413,20,572.54,135.60,24.29,57.07,1.00,-1,-1
414,20,572.17,139.06,23.58,54.91,1.00,-1,-1
415,20,570.17,144.04,23.88,54.23,1.00,-1,-1
416,20,565.80,144.99,25.15,56.02,1.00,-1,-1
417,20,562.21,147.00,27.34,60.63,1.00,-1,-1
418,20,558.18,149.97,27.78,61.06,1.00,-1,-1
419,20,554.93,151.54,28.52,62.08,1.00,-1,-1
420,20,550.31,150.88,28.25,61.36,1.00,-1,-1
421,20,547.43,151.17,28.18,61.12,1.00,-1,-1
422,20,545.06,151.84,28.41,62.43,1.00,-1,-1
423,20,543.48,154.99,28.89,63.10,1.00,-1,-1
424,20,538.23,159.61,28.06,60.64,1.00,-1,-1
425,20,534.83,162.86,27.78,59.46,1.00,-1,-1
426,20,531.17,162.52,28.52,60.72,1.00,-1,-1
427,20,527.81,163.02,28.55,60.78,1.00,-1,-1
428,20,526.09,162.86,29.38,62.84,1.00,-1,-1
428,47,537.29,160.87,26.00,61.91,1.00,-1,-1
429,47,535.75,161.91,25.75,62.43,1.00,-1,-1
430,47,530.99,163.58,26.18,62.48,1.00,-1,-1
431,47,526.75,164.42,26.64,62.99,1.00,-1,-1
432,47,523.79,164.81,25.86,59.57,1.00,-1,-1
433,40,670.08,269.85,35.88,93.84,1.00,-1,-1
433,47,519.61,165.45,26.32,58.61,1.00,-1,-1
434,40,666.42,268.89,34.75,92.72,1.00,-1,-1
434,47,517.73,165.29,26.63,58.34,1.00,-1,-1
435,40,661.89,268.82,34.76,90.42,1.00,-1,-1
437,40,645.00,259.94,36.22,98.40,1.00,-1,-1
438,40,639.44,260.37,34.77,97.21,1.00,-1,-1
439,40,634.26,260.81,33.66,95.00,1.00,-1,-1
440,40,628.93,261.98,33.00,92.60,1.00,-1,-1
444,40,598.77,253.57,34.24,97.99,1.00,-1,-1
447,40,580.76,251.51,33.73,96.96,1.00,-1,-1
449,40,572.89,240.62,33.00,93.62,1.00,-1,-1
452,40,557.91,240.47,32.81,93.54,1.00,-1,-1
453,40,552.63,233.82,36.01,102.98,1.00,-1,-1
454,40,547.17,234.30,33.81,95.71,1.00,-1,-1
458,40,517.54,219.69,31.48,90.49,1.00,-1,-1
459,40,512.24,217.36,32.67,93.36,1.00,-1,-1
460,40,507.75,213.17,35.95,101.46,1.00,-1,-1
461,40,505.06,208.03,37.88,107.99,1.00,-1,-1
462,40,504.69,209.81,37.41,106.98,1.00,-1,-1
464,47,503.82,222.15,34.37,75.67,1.00,-1,-1
465,47,502.31,226.44,33.39,73.46,1.00,-1,-1
466,47,502.38,224.68,32.96,73.16,1.00,-1,-1
470,40,460.32,217.59,28.80,80.93,1.00,-1,-1
472,51,672.92,293.74,39.89,122.43,1.00,-1,-1
473,51,666.65,293.23,37.41,115.54,1.00,-1,-1
477,51,643.13,284.50,37.08,115.78,1.00,-1,-1
478,51,632.93,284.31,34.11,107.45,1.00,-1,-1
479,51,626.97,283.61,32.89,104.11,1.00,-1,-1
480,51,621.89,281.67,32.98,104.24,1.00,-1,-1
482,51,592.77,257.81,38.01,121.24,1.00,-1,-1
483,51,585.86,248.08,42.33,135.84,1.00,-1,-1
484,51,583.89,245.25,43.97,143.59,1.00,-1,-1
485,51,581.99,244.24,44.74,147.45,1.00,-1,-1
486,51,580.56,247.01,43.31,141.54,1.00,-1,-1
487,47,590.42,257.02,46.86,112.42,1.00,-1,-1
487,51,581.35,250.77,40.66,132.61,1.00,-1,-1
488,47,597.44,259.55,42.20,107.30,1.00,-1,-1
488,51,582.45,254.88,37.48,122.27,1.00,-1,-1
489,47,601.35,262.92,38.29,102.73,1.00,-1,-1
489,51,582.28,260.51,34.67,113.47,1.00,-1,-1
490,47,613.61,267.28,33.04,91.44,1.00,-1,-1
490,51,583.03,259.38,31.70,104.04,1.00,-1,-1
491,47,620.07,269.19,30.66,86.71,1.00,-1,-1
491,51,582.96,258.63,30.44,99.97,1.00,-1,-1
492,47,623.39,270.56,29.07,83.36,1.00,-1,-1
492,51,580.62,258.31,29.91,98.18,1.00,-1,-1
492,53,606.03,261.24,25.16,97.51,1.00,-1,-1
493,47,624.87,272.47,27.92,80.21,1.00,-1,-1
493,51,575.83,259.00,29.15,95.40,1.00,-1,-1
493,53,606.13,262.34,24.09,93.12,1.00,-1,-1
494,47,622.65,273.02,28.13,80.48,1.00,-1,-1
494,51,556.11,261.20,28.89,93.77,1.00,-1,-1
494,53,604.71,258.97,25.45,98.44,1.00,-1,-1
495,47,619.68,273.30,28.95,81.37,1.00,-1,-1
495,51,551.39,263.73,28.78,92.20,1.00,-1,-1
496,47,617.87,273.15,29.34,81.82,1.00,-1,-1
496,51,549.33,261.89,30.49,97.29,1.00,-1,-1
497,47,615.27,271.43,31.92,89.09,1.00,-1,-1
497,51,548.66,257.27,36.01,116.37,1.00,-1,-1
498,47,614.31,270.61,33.84,95.49,1.00,-1,-1
498,51,551.41,257.79,36.76,120.12,1.00,-1,-1
499,51,562.20,262.17,35.47,117.58,1.00,-1,-1
500,51,566.27,262.74,35.06,117.00,1.00,-1,-1
501,47,591.29,268.19,39.63,112.63,1.00,-1,-1
501,51,566.85,259.40,37.45,125.54,1.00,-1,-1
502,47,591.18,270.67,38.80,110.05,1.00,-1,-1
502,51,569.94,262.74,36.55,122.15,1.00,-1,-1
503,51,575.61,269.87,34.15,113.38,1.00,-1,-1
504,51,578.40,273.04,34.95,117.29,1.00,-1,-1
505,47,602.33,277.74,41.35,114.87,1.00,-1,-1
507,47,613.78,284.59,39.73,113.09,1.00,-1,-1
507,53,724.00,222.72,27.16,101.93,1.00,-1,-1
508,47,618.83,286.45,40.10,116.33,1.00,-1,-1
508,55,699.58,448.62,48.25,125.61,1.00,-1,-1
509,47,621.41,289.07,40.46,116.41,1.00,-1,-1
509,55,685.71,453.73,48.19,120.51,1.00,-1,-1
510,55,676.15,449.42,50.27,123.47,1.00,-1,-1
511,55,661.15,445.29,50.56,123.48,1.00,-1,-1
512,55,649.89,443.51,50.83,123.50,1.00,-1,-1
513,47,663.14,317.53,36.59,101.27,1.00,-1,-1
513,55,635.25,444.98,52.39,124.09,1.00,-1,-1
514,55,617.95,444.09,55.97,126.48,1.00,-1,-1
515,55,602.98,440.47,58.34,129.30,1.00,-1,-1
516,55,589.16,437.06,60.30,132.87,1.00,-1,-1
517,55,562.15,436.55,60.72,132.89,1.00,-1,-1
518,55,542.02,431.36,66.01,141.57,1.00,-1,-1
519,51,621.79,275.57,28.37,89.33,1.00,-1,-1
519,55,529.36,430.37,68.89,141.93,1.00,-1,-1
520,51,626.78,273.30,29.45,88.32,1.00,-1,-1
520,55,510.40,425.09,70.39,145.18,1.00,-1,-1
521,51,632.04,269.52,30.63,90.67,1.00,-1,-1
521,55,497.87,427.51,64.91,136.90,1.00,-1,-1
522,51,636.14,266.47,30.85,92.10,1.00,-1,-1
522,55,482.46,417.67,70.21,151.46,1.00,-1,-1
523,51,637.20,257.26,33.25,99.82,1.00,-1,-1
523,55,461.52,412.55,74.72,159.68,1.00,-1,-1
524,51,635.56,246.61,37.22,113.01,1.00,-1,-1
524,55,448.36,410.84,76.60,160.21,1.00,-1,-1
525,51,634.60,240.04,38.84,120.39,1.00,-1,-1
525,55,433.78,412.39,75.02,157.54,1.00,-1,-1
526,51,632.22,233.89,39.98,126.10,1.00,-1,-1
526,55,415.33,406.30,77.15,164.65,1.00,-1,-1
527,51,629.77,229.37,41.05,130.68,1.00,-1,-1
527,55,403.94,406.34,75.05,162.35,1.00,-1,-1
528,51,627.77,227.11,41.72,133.37,1.00,-1,-1
528,55,383.97,401.12,80.05,169.49,1.00,-1,-1
529,51,629.69,232.68,39.65,128.65,1.00,-1,-1
529,55,375.24,398.90,80.29,168.65,1.00,-1,-1
530,51,629.80,231.02,39.89,130.69,1.00,-1,-1
530,55,366.46,401.39,76.50,161.75,1.00,-1,-1
531,55,343.05,396.22,74.66,160.17,1.00,-1,-1
532,55,329.62,393.08,73.30,156.60,1.00,-1,-1
533,55,317.99,391.36,75.29,157.54,1.00,-1,-1
534,55,311.88,390.06,76.04,157.21,1.00,-1,-1
535,55,305.83,388.06,76.62,156.77,1.00,-1,-1
536,51,641.99,275.97,31.57,102.05,1.00,-1,-1
536,55,284.59,381.02,76.60,155.67,1.00,-1,-1
537,51,642.81,281.64,31.09,99.71,1.00,-1,-1
537,55,266.18,377.66,76.50,155.63,1.00,-1,-1
537,60,170.28,159.83,28.83,71.45,1.00,-1,-1
538,51,643.38,283.28,31.77,101.20,1.00,-1,-1
538,55,255.35,377.43,77.60,156.62,1.00,-1,-1
538,60,169.33,159.53,28.55,70.82,1.00,-1,-1
539,51,645.14,285.85,31.54,99.74,1.00,-1,-1
539,55,245.97,378.28,77.81,155.52,1.00,-1,-1
539,60,166.75,164.23,27.41,67.79,1.00,-1,-1
540,51,645.83,286.86,31.45,99.20,1.00,-1,-1
540,55,241.96,375.38,76.67,152.90,1.00,-1,-1
540,60,165.23,167.80,26.95,66.26,1.00,-1,-1
541,51,645.44,290.36,31.17,97.28,1.00,-1,-1
541,55,225.48,375.41,74.65,152.88,1.00,-1,-1
542,55,213.18,375.41,71.28,150.85,1.00,-1,-1
543,51,645.00,291.87,31.93,99.50,1.00,-1,-1
543,55,207.55,368.61,73.94,158.91,1.00,-1,-1
543,62,264.05,372.69,60.48,146.26,1.00,-1,-1
544,51,643.61,292.35,32.55,101.03,1.00,-1,-1
544,55,202.25,369.10,73.18,156.18,1.00,-1,-1
544,62,262.29,369.39,62.06,150.29,1.00,-1,-1
545,51,641.34,294.65,32.17,99.07,1.00,-1,-1
545,55,192.36,367.84,73.58,156.75,1.00,-1,-1
545,62,262.47,378.59,54.71,133.46,1.00,-1,-1
546,51,639.96,294.81,33.50,102.95,1.00,-1,-1
546,55,183.77,368.97,71.46,152.19,1.00,-1,-1
546,62,258.81,381.84,48.85,119.05,1.00,-1,-1
547,51,639.31,296.79,35.16,108.18,1.00,-1,-1
547,55,176.37,371.38,68.06,144.87,1.00,-1,-1
547,62,252.41,379.75,48.83,119.42,1.00,-1,-1
548,51,638.60,297.56,36.14,111.73,1.00,-1,-1
548,55,171.58,372.56,65.11,139.11,1.00,-1,-1
548,62,247.26,375.70,49.49,121.62,1.00,-1,-1
549,51,638.68,299.65,35.86,113.16,1.00,-1,-1
549,55,167.35,369.73,66.61,144.94,1.00,-1,-1
550,51,639.33,300.56,35.28,113.45,1.00,-1,-1
550,55,165.03,370.79,63.69,139.84,1.00,-1,-1
550,62,239.89,378.95,50.27,124.77,1.00,-1,-1
551,51,639.57,300.86,34.74,113.86,1.00,-1,-1
551,55,164.16,371.38,60.09,132.99,1.00,-1,-1
551,62,236.86,379.04,50.48,126.50,1.00,-1,-1
552,51,639.99,301.18,34.02,113.62,1.00,-1,-1
552,55,162.16,370.87,58.18,129.51,1.00,-1,-1
552,62,233.29,378.22,49.69,125.64,1.00,-1,-1
553,51,639.85,300.98,33.40,113.59,1.00,-1,-1
553,55,162.14,369.73,56.38,127.82,1.00,-1,-1
553,62,229.78,373.45,51.31,132.01,1.00,-1,-1
554,51,640.37,301.39,32.74,112.80,1.00,-1,-1
554,55,165.16,363.68,57.24,133.27,1.00,-1,-1
554,62,222.17,373.54,51.47,134.77,1.00,-1,-1
555,51,640.90,301.04,32.36,113.01,1.00,-1,-1
555,55,166.08,365.36,55.01,130.78,1.00,-1,-1
556,51,641.26,300.73,31.97,113.02,1.00,-1,-1
556,62,189.33,362.27,60.67,153.80,1.00,-1,-1
557,51,641.86,300.79,31.55,112.76,1.00,-1,-1
557,62,184.14,360.05,63.81,157.46,1.00,-1,-1
558,51,642.38,300.11,31.45,113.80,1.00,-1,-1
558,62,181.20,358.51,66.44,159.38,1.00,-1,-1
559,51,642.29,300.38,31.14,113.61,1.00,-1,-1
559,62,179.22,358.23,69.00,160.92,1.00,-1,-1
560,51,642.49,301.37,30.58,112.23,1.00,-1,-1
560,62,174.77,354.86,73.27,169.13,1.00,-1,-1
561,51,642.56,301.38,30.33,111.96,1.00,-1,-1
561,62,170.07,352.30,77.00,178.26,1.00,-1,-1
562,51,642.60,302.34,29.86,110.70,1.00,-1,-1
562,62,168.91,352.33,76.83,179.78,1.00,-1,-1
563,51,642.57,301.61,30.01,111.98,1.00,-1,-1
563,62,169.01,350.52,77.48,185.19,1.00,-1,-1
564,51,642.52,301.31,29.91,112.26,1.00,-1,-1
564,62,171.60,350.90,77.17,188.93,1.00,-1,-1
565,51,642.89,301.21,29.64,111.84,1.00,-1,-1
565,62,172.41,350.26,77.37,193.92,1.00,-1,-1
566,51,643.30,301.93,29.20,110.62,1.00,-1,-1
566,60,53.19,178.61,26.17,66.32,1.00,-1,-1
566,62,172.33,350.14,79.10,200.20,1.00,-1,-1
567,51,643.54,301.81,29.18,111.18,1.00,-1,-1
567,62,172.34,349.42,81.01,205.21,1.00,-1,-1
568,51,643.46,301.89,29.06,111.39,1.00,-1,-1
568,60,45.26,183.23,26.66,67.74,1.00,-1,-1
568,62,172.20,350.12,81.78,206.80,1.00,-1,-1
569,51,643.33,302.55,28.75,110.53,1.00,-1,-1
569,62,170.34,351.70,79.80,205.77,1.00,-1,-1
570,51,643.05,302.33,28.78,110.94,1.00,-1,-1
570,62,168.86,348.46,79.94,210.16,1.00,-1,-1
571,51,642.94,301.90,28.98,112.25,1.00,-1,-1
571,60,25.52,177.81,29.51,76.22,1.00,-1,-1
571,62,164.60,342.20,80.47,217.42,1.00,-1,-1
572,51,642.97,302.14,28.70,111.65,1.00,-1,-1
572,60,20.75,178.26,29.36,75.99,1.00,-1,-1
572,62,164.42,340.11,79.18,218.24,1.00,-1,-1
573,51,642.75,302.45,28.41,110.56,1.00,-1,-1
573,60,16.28,175.66,30.65,79.44,1.00,-1,-1
573,62,165.93,338.48,77.31,215.82,1.00,-1,-1
574,51,641.04,304.30,27.79,105.96,1.00,-1,-1
574,55,189.51,358.16,54.56,136.11,1.00,-1,-1
574,60,12.46,174.70,30.08,78.20,1.00,-1,-1
574,62,169.67,340.72,73.53,208.06,1.00,-1,-1
575,51,639.79,305.18,27.92,104.88,1.00,-1,-1
575,55,194.32,353.46,50.35,130.60,1.00,-1,-1
575,60,11.17,174.13,29.40,77.40,1.00,-1,-1
576,55,197.86,350.62,47.16,126.38,1.00,-1,-1
576,60,10.41,175.76,27.41,72.87,1.00,-1,-1
576,62,176.76,350.28,67.31,193.87,1.00,-1,-1
576,66,323.28,153.29,23.07,70.70,1.00,-1,-1
577,60,11.35,179.09,25.23,67.22,1.00,-1,-1
577,62,172.84,384.49,62.88,178.84,1.00,-1,-1
577,66,310.21,156.55,22.13,67.17,1.00,-1,-1
578,60,12.78,180.24,24.35,64.33,1.00,-1,-1
578,62,174.60,405.95,59.77,166.03,1.00,-1,-1
578,66,300.56,155.00,21.99,66.40,1.00,-1,-1
579,66,294.16,152.87,24.26,72.42,1.00,-1,-1
580,66,288.13,150.93,26.27,77.73,1.00,-1,-1
581,55,229.56,337.30,47.64,127.07,1.00,-1,-1
581,62,185.44,425.93,57.82,150.70,1.00,-1,-1
581,66,286.78,151.75,26.30,77.24,1.00,-1,-1
582,62,190.31,425.27,60.32,151.62,1.00,-1,-1
582,66,283.37,148.93,26.00,76.00,1.00,-1,-1
583,62,194.32,424.05,61.96,152.93,1.00,-1,-1
583,66,279.87,148.27,25.85,75.55,1.00,-1,-1
584,55,264.15,331.85,44.78,116.10,1.00,-1,-1
585,55,272.79,329.87,45.17,116.75,1.00,-1,-1
585,62,215.71,420.10,62.47,154.26,1.00,-1,-1
586,51,637.76,232.51,48.71,181.83,1.00,-1,-1
586,55,277.79,325.03,50.15,126.05,1.00,-1,-1
586,62,226.31,419.68,64.29,156.15,1.00,-1,-1
587,55,291.66,322.64,49.38,124.67,1.00,-1,-1
587,62,231.30,424.70,62.56,151.62,1.00,-1,-1
588,55,303.18,324.69,47.97,119.52,1.00,-1,-1
588,62,234.58,425.38,62.37,151.08,1.00,-1,-1
589,55,311.38,326.24,49.67,120.88,1.00,-1,-1
589,62,235.96,425.26,62.34,151.21,1.00,-1,-1
589,66,240.79,146.29,27.46,77.48,1.00,-1,-1
590,51,619.78,196.17,57.17,217.55,1.00,-1,-1
590,55,328.43,322.15,46.41,116.28,1.00,-1,-1
590,62,252.77,431.47,58.50,141.90,1.00,-1,-1
591,55,338.41,317.56,45.99,118.67,1.00,-1,-1
591,62,261.36,434.39,56.75,137.97,1.00,-1,-1
592,55,348.27,319.33,44.42,115.84,1.00,-1,-1
592,62,264.04,434.91,56.27,137.01,1.00,-1,-1
593,62,263.70,435.01,55.25,136.17,1.00,-1,-1
594,62,263.50,434.86,54.61,136.15,1.00,-1,-1
595,55,386.08,321.03,41.57,109.27,1.00,-1,-1
595,62,262.97,434.19,54.85,137.73,1.00,-1,-1
596,62,263.15,434.82,54.17,136.81,1.00,-1,-1
597,62,265.81,435.07,53.57,136.15,1.00,-1,-1
598,62,269.54,434.65,53.70,136.31,1.00,-1,-1
599,62,272.98,433.82,54.54,137.47,1.00,-1,-1
600,55,437.65,308.30,40.60,108.99,1.00,-1,-1
600,62,273.93,433.46,55.11,138.16,1.00,-1,-1
601,62,280.68,428.40,59.17,146.14,1.00,-1,-1
602,62,285.09,425.44,61.30,150.15,1.00,-1,-1
603,62,289.23,424.43,61.73,150.77,1.00,-1,-1
603,66,179.32,154.47,23.10,63.34,1.00,-1,-1
604,62,299.85,424.66,63.40,151.16,1.00,-1,-1
604,66,174.96,155.53,23.57,63.21,1.00,-1,-1
605,62,304.86,423.90,64.80,152.17,1.00,-1,-1
605,66,172.90,156.10,23.65,61.87,1.00,-1,-1
606,51,489.97,294.92,46.84,174.22,1.00,-1,-1
606,62,309.99,424.92,64.13,150.56,1.00,-1,-1
606,66,168.09,154.91,23.47,59.47,1.00,-1,-1
607,51,491.79,301.54,44.99,166.38,1.00,-1,-1
607,62,315.96,424.15,64.77,151.77,1.00,-1,-1
607,66,164.82,154.78,23.24,57.07,1.00,-1,-1
608,62,319.10,423.62,65.05,152.45,1.00,-1,-1
608,66,162.61,154.45,23.03,55.49,1.00,-1,-1
609,62,328.91,424.56,64.44,151.56,1.00,-1,-1
610,62,334.20,424.20,64.78,151.92,1.00,-1,-1
611,55,537.01,293.63,42.16,110.39,1.00,-1,-1
611,62,338.02,423.85,65.02,152.27,1.00,-1,-1
612,55,543.89,289.85,41.74,111.07,1.00,-1,-1
612,62,339.44,424.12,64.92,150.62,1.00,-1,-1
612,72,17.55,184.75,30.24,74.46,1.00,-1,-1
613,55,551.79,279.97,42.20,116.72,1.00,-1,-1
613,62,344.21,424.92,64.10,147.84,1.00,-1,-1
613,72,19.66,180.48,31.54,77.96,1.00,-1,-1
614,55,558.21,279.67,40.82,116.34,1.00,-1,-1
614,62,350.85,427.16,62.35,143.66,1.00,-1,-1
614,66,143.00,152.23,25.33,59.92,1.00,-1,-1
614,72,21.98,178.98,31.24,77.54,1.00,-1,-1
615,62,355.83,424.02,63.86,148.77,1.00,-1,-1
615,66,140.14,152.54,26.13,60.28,1.00,-1,-1
616,62,359.31,425.47,62.84,148.25,1.00,-1,-1
616,66,137.97,147.71,26.62,61.65,1.00,-1,-1
616,74,645.63,300.12,28.15,115.48,1.00,-1,-1
617,55,567.48,271.34,40.17,115.35,1.00,-1,-1
617,62,360.96,424.81,62.94,150.27,1.00,-1,-1
617,74,644.87,303.67,26.93,110.16,1.00,-1,-1
618,55,567.92,267.09,40.59,118.52,1.00,-1,-1
618,62,367.47,424.94,61.90,149.97,1.00,-1,-1
618,74,637.62,294.70,28.18,114.93,1.00,-1,-1
619,51,587.73,270.21,32.47,119.73,1.00,-1,-1
619,55,570.83,264.93,40.71,120.93,1.00,-1,-1
619,62,372.16,423.43,61.94,151.74,1.00,-1,-1
619,66,133.56,149.06,26.25,60.66,1.00,-1,-1
619,74,633.84,291.99,27.38,111.48,1.00,-1,-1
620,51,594.21,269.54,32.08,117.90,1.00,-1,-1
620,62,374.66,422.45,61.99,153.32,1.00,-1,-1
620,66,132.84,148.19,26.11,60.04,1.00,-1,-1
620,74,628.74,291.38,26.31,106.44,1.00,-1,-1
621,51,601.70,270.92,31.05,114.02,1.00,-1,-1
621,55,579.61,266.02,38.18,115.73,1.00,-1,-1
621,62,375.85,421.92,61.71,154.06,1.00,-1,-1
621,74,622.11,290.21,25.18,100.00,1.00,-1,-1
622,51,603.55,265.72,34.59,121.49,1.00,-1,-1
622,55,585.89,262.53,41.02,125.06,1.00,-1,-1
622,62,375.31,417.31,62.20,157.64,1.00,-1,-1
623,51,602.14,264.07,37.43,123.04,1.00,-1,-1
623,62,372.41,415.17,61.86,158.87,1.00,-1,-1
624,51,594.77,257.98,40.57,134.70,1.00,-1,-1
624,62,368.58,411.16,62.21,161.20,1.00,-1,-1
625,51,591.12,255.12,41.24,138.39,1.00,-1,-1
625,62,366.32,408.42,61.55,159.80,1.00,-1,-1
626,51,588.55,254.40,40.97,135.64,1.00,-1,-1
626,62,356.46,403.80,62.19,160.00,1.00,-1,-1
626,72,86.04,153.52,36.53,91.67,1.00,-1,-1
627,51,586.38,250.45,41.50,135.37,1.00,-1,-1
627,62,351.73,400.70,62.86,160.83,1.00,-1,-1
628,51,586.17,252.64,40.73,130.44,1.00,-1,-1
628,62,349.89,398.97,63.53,162.00,1.00,-1,-1
629,51,573.52,257.44,38.80,123.92,1.00,-1,-1
629,55,619.35,246.04,33.74,102.95,1.00,-1,-1
629,62,348.75,396.34,64.01,162.88,1.00,-1,-1
629,72,109.24,149.28,34.81,87.85,1.00,-1,-1
630,55,624.22,242.44,32.86,100.44,1.00,-1,-1
630,62,349.35,395.70,61.01,154.06,1.00,-1,-1
630,72,113.36,148.81,33.71,85.78,1.00,-1,-1
631,51,560.38,263.07,32.42,101.08,1.00,-1,-1
631,55,630.96,237.16,32.42,100.50,1.00,-1,-1
631,62,350.26,396.65,58.37,146.88,1.00,-1,-1
631,72,119.32,151.72,31.20,78.90,1.00,-1,-1
632,55,633.40,233.02,32.48,101.11,1.00,-1,-1
632,62,347.75,393.06,58.87,147.87,1.00,-1,-1
633,51,550.97,262.50,30.96,95.31,1.00,-1,-1
633,55,635.68,230.99,31.88,99.90,1.00,-1,-1
633,62,345.95,390.02,60.21,152.16,1.00,-1,-1
633,72,126.62,154.04,27.84,70.98,1.00,-1,-1
634,55,637.10,228.18,32.31,101.52,1.00,-1,-1
634,62,344.88,388.32,59.78,151.80,1.00,-1,-1
634,72,127.43,156.75,27.97,71.32,1.00,-1,-1
635,55,639.47,228.87,31.47,98.66,1.00,-1,-1
635,62,342.58,384.90,60.16,153.77,1.00,-1,-1
635,72,130.69,155.53,27.11,69.49,1.00,-1,-1
636,55,641.42,228.50,31.24,97.32,1.00,-1,-1
636,62,340.01,384.12,59.60,152.88,1.00,-1,-1
636,72,134.46,153.97,26.91,69.24,1.00,-1,-1
637,55,647.47,221.96,30.18,93.90,1.00,-1,-1
637,72,136.97,153.45,27.17,70.94,1.00,-1,-1
638,55,650.40,218.13,29.73,92.29,1.00,-1,-1
638,62,335.87,387.96,52.47,136.37,1.00,-1,-1
638,72,137.55,152.30,27.85,73.50,1.00,-1,-1
639,55,652.19,215.40,29.33,91.08,1.00,-1,-1
639,62,335.06,387.06,51.84,136.04,1.00,-1,-1
640,55,652.87,214.74,29.24,90.53,1.00,-1,-1
640,62,334.46,385.66,52.73,139.05,1.00,-1,-1
641,62,333.84,384.77,52.65,139.97,1.00,-1,-1
642,62,335.47,384.00,52.50,140.72,1.00,-1,-1
643,62,337.20,381.93,52.68,142.83,1.00,-1,-1
644,62,338.02,379.39,53.72,146.79,1.00,-1,-1
645,55,649.55,208.45,29.64,90.50,1.00,-1,-1
645,62,341.17,379.50,52.18,143.43,1.00,-1,-1
646,62,343.32,378.59,51.00,140.83,1.00,-1,-1
647,62,344.23,377.36,50.71,140.99,1.00,-1,-1
647,72,130.89,156.98,22.26,55.87,1.00,-1,-1
648,62,342.23,379.74,48.87,136.70,1.00,-1,-1
648,72,135.48,154.58,24.23,59.48,1.00,-1,-1
649,55,646.80,199.33,26.44,79.41,1.00,-1,-1
649,62,340.12,380.67,47.96,134.48,1.00,-1,-1
649,72,136.60,153.28,25.64,62.22,1.00,-1,-1
649,74,335.77,164.91,14.29,50.16,1.00,-1,-1
650,55,645.44,198.31,25.54,76.01,1.00,-1,-1
650,62,335.90,379.00,47.83,134.51,1.00,-1,-1
650,72,138.89,154.79,25.59,61.48,1.00,-1,-1
651,55,644.03,197.64,24.51,72.33,1.00,-1,-1
651,62,333.36,375.37,47.09,133.19,1.00,-1,-1
651,72,142.28,155.49,24.74,59.24,1.00,-1,-1
652,55,640.56,195.77,24.24,70.56,1.00,-1,-1
652,62,330.78,370.54,47.02,133.92,1.00,-1,-1
652,72,149.11,159.27,24.63,58.87,1.00,-1,-1
652,75,229.93,164.44,19.73,52.82,1.00,-1,-1
653,55,637.77,195.08,24.71,70.72,1.00,-1,-1
653,62,329.17,367.83,46.61,133.52,1.00,-1,-1
653,72,154.16,162.39,23.30,55.50,1.00,-1,-1
654,62,328.15,366.26,46.62,134.12,1.00,-1,-1
654,72,157.35,163.97,22.07,52.18,1.00,-1,-1
655,51,461.73,221.43,25.54,70.99,1.00,-1,-1
655,62,326.98,365.75,46.42,133.87,1.00,-1,-1
656,51,458.52,220.56,26.63,69.78,1.00,-1,-1
656,55,632.43,191.95,25.34,71.92,1.00,-1,-1
656,72,162.31,163.05,24.32,57.16,1.00,-1,-1
657,72,165.00,162.57,24.85,58.49,1.00,-1,-1
658,51,457.02,218.93,27.00,68.90,1.00,-1,-1
658,62,315.74,355.30,50.53,147.34,1.00,-1,-1
658,72,168.74,164.16,24.10,56.43,1.00,-1,-1
659,62,313.50,353.81,50.07,146.77,1.00,-1,-1
659,72,171.60,160.01,25.03,58.99,1.00,-1,-1
660,62,308.38,355.99,47.86,137.85,1.00,-1,-1
660,72,174.09,160.24,25.91,61.24,1.00,-1,-1
661,62,302.22,353.44,50.08,139.81,1.00,-1,-1
661,72,176.07,162.40,25.33,59.80,1.00,-1,-1
662,62,295.57,350.28,51.86,140.66,1.00,-1,-1
663,72,180.54,164.25,23.34,54.97,1.00,-1,-1
664,75,284.63,160.34,23.07,61.96,1.00,-1,-1
665,62,272.31,345.11,52.26,140.54,1.00,-1,-1
665,75,290.59,160.68,22.54,59.74,1.00,-1,-1
666,75,300.42,158.11,22.20,59.17,1.00,-1,-1
667,75,306.20,157.10,22.30,59.22,1.00,-1,-1
668,75,313.21,155.19,22.06,59.09,1.00,-1,-1
669,75,318.71,154.65,21.81,58.19,1.00,-1,-1
670,62,233.99,341.11,52.58,134.65,1.00,-1,-1
670,75,328.31,155.39,22.59,59.30,1.00,-1,-1
671,75,331.58,153.69,24.14,62.41,1.00,-1,-1
672,62,224.44,342.48,51.38,128.95,1.00,-1,-1
672,75,335.66,153.77,24.07,61.57,1.00,-1,-1
673,62,216.73,334.98,54.98,134.55,1.00,-1,-1
673,75,340.16,154.97,23.25,59.48,1.00,-1,-1
674,51,331.76,160.29,22.90,57.37,1.00,-1,-1
674,75,344.29,157.22,21.61,56.00,1.00,-1,-1
675,51,330.69,157.23,24.01,59.25,1.00,-1,-1
676,72,209.92,171.27,21.24,48.49,1.00,-1,-1
676,75,345.21,156.24,23.83,60.15,1.00,-1,-1
677,75,351.33,153.48,23.74,59.14,1.00,-1,-1
678,62,183.09,343.02,47.05,115.04,1.00,-1,-1
680,55,512.63,166.56,28.38,76.08,1.00,-1,-1
680,81,176.98,167.26,28.53,51.15,1.00,-1,-1
681,55,504.32,168.88,27.19,69.63,1.00,-1,-1
681,62,156.08,327.71,50.29,127.76,1.00,-1,-1
682,55,499.76,169.65,26.96,67.19,1.00,-1,-1
682,62,149.71,329.52,49.24,124.43,1.00,-1,-1
683,55,497.06,173.77,27.77,65.35,1.00,-1,-1
683,62,143.94,323.62,50.58,128.80,1.00,-1,-1
683,75,398.45,149.54,25.10,62.11,1.00,-1,-1
684,55,495.57,174.66,29.19,68.49,1.00,-1,-1
685,55,495.67,173.66,28.64,66.41,1.00,-1,-1
686,55,493.46,172.28,29.34,67.05,1.00,-1,-1
686,62,122.45,315.36,50.25,133.16,1.00,-1,-1
686,81,158.74,163.98,34.06,62.09,1.00,-1,-1
687,55,491.74,169.82,30.40,69.12,1.00,-1,-1
687,62,120.03,313.57,49.53,135.35,1.00,-1,-1
688,62,118.63,311.02,48.59,136.79,1.00,-1,-1
690,62,119.79,309.72,41.91,118.52,1.00,-1,-1
691,62,120.26,301.00,43.10,124.25,1.00,-1,-1
692,62,120.50,297.91,42.93,126.30,1.00,-1,-1
693,62,119.82,294.35,43.14,128.69,1.00,-1,-1
694,62,120.03,293.94,42.08,127.27,1.00,-1,-1
695,55,449.05,144.44,20.88,48.67,1.00,-1,-1
695,62,118.96,293.45,40.83,124.53,1.00,-1,-1
696,55,447.77,142.76,21.67,50.95,1.00,-1,-1
696,62,116.51,292.55,40.17,123.85,1.00,-1,-1
697,55,449.09,142.52,20.76,49.94,1.00,-1,-1
697,62,115.16,292.13,39.86,123.83,1.00,-1,-1
698,62,113.49,291.00,38.65,120.69,1.00,-1,-1
698,81,168.14,159.13,36.86,71.48,1.00,-1,-1
699,81,172.08,161.39,35.53,71.73,1.00,-1,-1
700,62,109.15,282.39,36.79,114.15,1.00,-1,-1
700,81,174.78,161.84,33.86,70.62,1.00,-1,-1
705,75,498.72,159.99,35.10,88.81,1.00,-1,-1
706,75,500.71,159.96,34.33,88.69,1.00,-1,-1
707,75,499.49,154.93,35.06,91.73,1.00,-1,-1
708,75,498.74,152.55,35.08,92.65,1.00,-1,-1
708,87,645.78,223.39,20.45,71.79,1.00,-1,-1
709,75,501.97,156.51,34.13,91.15,1.00,-1,-1
709,87,634.36,221.81,21.55,73.62,1.00,-1,-1
710,62,74.81,273.34,30.37,89.16,1.00,-1,-1
713,62,62.45,261.08,32.27,93.36,1.00,-1,-1
714,62,60.44,261.20,32.20,92.08,1.00,-1,-1
714,87,607.96,220.78,21.84,72.02,1.00,-1,-1
715,62,59.68,260.36,32.51,92.43,1.00,-1,-1
715,87,602.99,219.83,22.57,72.59,1.00,-1,-1
716,90,537.80,131.83,18.40,49.69,1.00,-1,-1
717,87,584.27,217.43,22.77,72.03,1.00,-1,-1
717,90,539.45,134.37,17.58,47.50,1.00,-1,-1
718,91,556.68,134.21,17.19,43.77,1.00,-1,-1
719,91,562.90,128.76,16.67,42.45,1.00,-1,-1
720,91,564.45,128.28,17.24,43.85,1.00,-1,-1
721,91,566.76,130.27,16.60,41.84,1.00,-1,-1
722,91,571.15,128.79,15.38,38.71,1.00,-1,-1
723,91,572.59,125.67,15.76,39.83,1.00,-1,-1
724,91,575.99,125.75,16.18,41.25,1.00,-1,-1
725,62,80.27,216.47,37.10,106.00,1.00,-1,-1
725,90,590.40,128.26,16.93,45.06,1.00,-1,-1
725,91,578.03,124.32,18.37,47.09,1.00,-1,-1
726,62,79.69,207.91,39.07,112.86,1.00,-1,-1
726,90,592.16,124.64,18.51,48.42,1.00,-1,-1
726,91,579.76,122.40,19.26,49.28,1.00,-1,-1
727,62,78.64,197.27,42.04,123.75,1.00,-1,-1
727,91,581.19,123.49,18.76,47.76,1.00,-1,-1
728,62,77.62,187.54,44.95,134.60,1.00,-1,-1
728,90,598.05,122.90,16.97,43.88,1.00,-1,-1
728,91,582.09,122.46,18.00,45.88,1.00,-1,-1
729,62,77.93,181.93,45.88,138.94,1.00,-1,-1
729,81,280.53,181.68,42.47,85.81,1.00,-1,-1
730,87,507.50,202.42,30.74,94.77,1.00,-1,-1
734,75,555.12,199.80,35.62,100.00,1.00,-1,-1
735,75,555.11,195.54,37.82,109.06,1.00,-1,-1
736,75,554.31,193.95,39.24,114.25,1.00,-1,-1
736,91,610.49,119.72,18.99,47.91,1.00,-1,-1
737,75,555.39,193.97,38.92,114.26,1.00,-1,-1
738,75,557.23,196.55,37.69,111.50,1.00,-1,-1
738,91,615.60,118.02,19.03,47.65,1.00,-1,-1
739,75,559.23,189.48,39.61,118.56,1.00,-1,-1
740,62,24.80,164.20,27.84,81.31,1.00,-1,-1
741,62,18.15,174.11,26.50,73.76,1.00,-1,-1
742,62,15.16,171.79,27.98,74.56,1.00,-1,-1
745,62,11.76,178.97,22.93,60.38,1.00,-1,-1
747,87,382.23,199.80,34.42,102.11,1.00,-1,-1
749,87,381.78,184.35,38.18,115.50,1.00,-1,-1
749,91,654.43,123.91,17.19,42.10,1.00,-1,-1
750,87,380.10,182.92,39.46,118.98,1.00,-1,-1
751,87,379.62,184.95,38.31,113.63,1.00,-1,-1
760,75,454.02,185.89,38.20,118.13,1.00,-1,-1
764,87,243.05,203.73,40.72,126.03,1.00,-1,-1
765,87,242.13,210.40,38.84,121.66,1.00,-1,-1
766,87,250.73,200.72,38.32,121.84,1.00,-1,-1
767,87,255.18,204.80,35.77,116.88,1.00,-1,-1
768,87,259.18,195.75,38.35,128.79,1.00,-1,-1
769,87,266.35,188.37,42.76,144.32,1.00,-1,-1
770,75,503.21,232.59,29.09,88.63,1.00,-1,-1
770,87,270.90,189.71,42.60,144.06,1.00,-1,-1
782,75,571.97,245.22,34.37,105.48,1.00,-1,-1
783,75,576.68,236.68,38.04,116.84,1.00,-1,-1
784,75,579.31,232.68,41.11,124.02,1.00,-1,-1
785,75,582.11,230.39,42.76,129.11,1.00,-1,-1
789,75,608.11,239.82,41.81,123.67,1.00,-1,-1
790,75,609.28,240.44,43.61,125.96,1.00,-1,-1
791,75,611.84,240.29,45.26,127.29,1.00,-1,-1
792,75,615.21,243.54,44.72,122.67,1.00,-1,-1
793,75,620.56,250.02,43.00,117.11,1.00,-1,-1
794,75,626.28,252.65,42.01,113.91,1.00,-1,-1
794,87,428.33,270.82,34.31,113.20,1.00,-1,-1
795,75,631.10,254.10,41.05,112.26,1.00,-1,-1
795,87,434.14,276.64,34.49,111.03,1.00,-1,-1
