3,1,180.09,91.62,64.87,216.38,1.00,-1,-1
3,2,572.34,83.73,64.70,195.62,1.00,-1,-1
3,3,87.39,96.18,66.54,232.58,1.00,-1,-1
3,4,348.65,83.44,90.61,253.19,1.00,-1,-1
3,5,456.16,96.77,63.87,202.05,1.00,-1,-1
4,1,180.18,93.33,55.54,185.49,1.00,-1,-1
4,2,571.46,86.22,64.56,194.18,1.00,-1,-1
4,3,80.27,97.63,64.95,224.93,1.00,-1,-1
4,4,353.33,83.91,89.92,251.41,1.00,-1,-1
4,5,457.53,91.41,72.72,229.46,1.00,-1,-1
5,1,178.97,91.79,50.16,168.22,1.00,-1,-1
5,2,570.45,86.73,64.91,193.93,1.00,-1,-1
5,3,75.70,100.58,64.62,221.02,1.00,-1,-1
5,4,357.62,84.39,89.50,250.13,1.00,-1,-1
5,5,461.60,91.17,72.85,228.64,1.00,-1,-1
5,8,195.33,90.67,78.12,224.91,1.00,-1,-1
6,1,179.18,93.22,47.64,160.52,1.00,-1,-1
6,2,569.37,85.32,66.08,196.04,1.00,-1,-1
6,3,73.02,102.48,64.02,216.98,1.00,-1,-1
6,4,361.69,84.32,89.44,249.43,1.00,-1,-1
6,5,461.86,90.61,74.97,233.62,1.00,-1,-1
6,8,201.70,88.95,77.12,221.42,1.00,-1,-1
7,1,180.54,97.31,45.05,152.48,1.00,-1,-1
7,2,568.07,84.71,67.18,197.74,1.00,-1,-1
7,3,68.70,106.65,63.40,213.42,1.00,-1,-1
7,4,365.91,84.86,89.58,248.48,1.00,-1,-1
7,5,463.70,89.58,76.44,236.61,1.00,-1,-1
7,8,209.26,91.67,76.24,218.01,1.00,-1,-1
8,1,181.67,99.46,43.42,147.40,1.00,-1,-1
8,2,565.85,85.27,68.51,199.50,1.00,-1,-1
8,3,61.08,102.28,66.64,223.82,1.00,-1,-1
8,4,369.50,85.03,89.43,246.45,1.00,-1,-1
8,5,463.92,88.30,77.48,238.14,1.00,-1,-1
8,8,214.03,95.85,78.96,225.16,1.00,-1,-1
9,1,181.90,100.94,42.96,145.84,1.00,-1,-1
9,2,564.54,84.50,69.72,201.21,1.00,-1,-1
9,3,52.90,101.12,68.05,229.80,1.00,-1,-1
9,4,372.22,84.78,89.84,246.25,1.00,-1,-1
9,5,464.99,87.55,78.40,240.03,1.00,-1,-1
9,8,220.49,96.36,79.66,223.25,1.00,-1,-1
10,1,181.52,101.65,43.63,148.02,1.00,-1,-1
10,2,562.75,84.50,71.03,202.83,1.00,-1,-1
10,3,46.34,100.83,67.38,228.36,1.00,-1,-1
10,4,373.27,84.38,90.11,246.38,1.00,-1,-1
10,5,466.72,87.93,78.61,240.17,1.00,-1,-1
10,8,226.92,98.26,79.98,219.95,1.00,-1,-1
11,1,181.76,101.84,43.44,147.33,1.00,-1,-1
11,2,560.45,85.09,71.95,202.94,1.00,-1,-1
11,3,40.61,99.52,66.20,226.68,1.00,-1,-1
11,4,375.71,84.90,89.82,246.25,1.00,-1,-1
11,5,468.58,86.89,78.64,239.47,1.00,-1,-1
11,8,229.53,95.58,82.45,224.40,1.00,-1,-1
12,1,181.97,100.98,43.82,148.87,1.00,-1,-1
12,2,558.06,85.17,71.75,199.65,1.00,-1,-1
12,3,36.53,100.73,64.09,220.33,1.00,-1,-1
12,4,379.93,84.63,86.70,237.63,1.00,-1,-1
12,5,470.77,82.99,81.75,244.93,1.00,-1,-1
12,8,231.91,95.33,84.27,228.19,1.00,-1,-1
13,1,181.49,100.65,44.08,149.87,1.00,-1,-1
13,2,556.93,85.77,70.36,193.89,1.00,-1,-1
13,3,26.01,95.57,66.51,227.52,1.00,-1,-1
13,4,382.94,83.42,84.99,233.70,1.00,-1,-1
13,5,475.27,86.75,81.50,238.19,1.00,-1,-1
13,8,235.76,96.53,84.22,227.37,1.00,-1,-1
14,1,181.23,99.56,45.00,152.86,1.00,-1,-1
14,2,555.47,86.50,69.23,188.81,1.00,-1,-1
14,3,19.13,93.30,68.77,233.55,1.00,-1,-1
14,4,385.17,80.51,83.72,230.57,1.00,-1,-1
14,5,482.65,89.97,81.48,232.42,1.00,-1,-1
14,8,240.03,96.00,82.53,221.05,1.00,-1,-1
15,1,181.10,99.53,45.22,153.24,1.00,-1,-1
15,2,553.97,88.89,68.77,185.37,1.00,-1,-1
15,3,12.13,91.27,70.80,237.37,1.00,-1,-1
15,4,386.51,78.01,85.02,234.76,1.00,-1,-1
15,5,485.92,90.97,76.09,214.72,1.00,-1,-1
15,8,243.39,96.20,80.86,215.31,1.00,-1,-1
16,1,180.51,99.19,45.28,153.38,1.00,-1,-1
16,2,553.49,94.29,66.05,176.49,1.00,-1,-1
16,3,8.43,95.50,70.59,232.01,1.00,-1,-1
16,4,387.62,75.85,87.28,241.26,1.00,-1,-1
16,5,489.79,91.07,81.80,224.28,1.00,-1,-1
16,8,245.35,96.03,79.73,211.74,1.00,-1,-1
17,1,178.44,99.42,45.08,153.04,1.00,-1,-1
17,2,553.66,97.51,63.09,168.81,1.00,-1,-1
17,3,6.70,99.74,70.17,225.23,1.00,-1,-1
17,4,389.84,75.04,88.77,245.82,1.00,-1,-1
17,5,489.79,90.80,85.20,229.51,1.00,-1,-1
17,8,250.39,93.40,81.76,215.49,1.00,-1,-1
18,1,177.41,100.13,44.78,152.05,1.00,-1,-1
18,2,553.58,98.19,61.99,167.62,1.00,-1,-1
18,3,8.19,104.31,69.42,214.97,1.00,-1,-1
18,4,393.92,76.51,87.67,242.59,1.00,-1,-1
18,5,490.83,85.79,82.01,220.85,1.00,-1,-1
18,8,254.94,94.88,80.59,211.90,1.00,-1,-1
18,9,604.66,116.08,34.32,125.37,1.00,-1,-1
19,1,176.85,99.68,44.97,152.75,1.00,-1,-1
19,2,554.09,97.12,62.10,167.91,1.00,-1,-1
19,3,6.65,107.62,70.15,212.01,1.00,-1,-1
19,4,397.22,77.07,87.33,241.33,1.00,-1,-1
19,5,490.71,82.55,83.25,226.88,1.00,-1,-1
19,8,257.63,96.63,80.03,210.50,1.00,-1,-1
20,1,176.77,100.21,44.87,152.45,1.00,-1,-1
20,3,1.54,109.24,71.30,214.89,1.00,-1,-1
20,4,402.23,81.73,88.03,241.81,1.00,-1,-1
20,5,498.68,87.84,85.60,226.09,1.00,-1,-1
20,8,260.27,98.01,79.88,210.01,1.00,-1,-1
21,1,176.56,100.69,44.75,152.13,1.00,-1,-1
21,3,-1.31,103.29,74.43,224.77,1.00,-1,-1
21,4,404.79,83.86,88.10,240.86,1.00,-1,-1
21,5,506.91,94.17,86.24,219.95,1.00,-1,-1
21,8,261.97,99.24,80.20,210.23,1.00,-1,-1
22,1,175.93,100.58,45.23,153.71,1.00,-1,-1
22,4,408.28,83.62,87.41,237.61,1.00,-1,-1
22,5,510.79,92.98,82.24,209.88,1.00,-1,-1
22,8,264.19,101.31,81.00,210.74,1.00,-1,-1
23,1,175.36,99.93,45.37,154.37,1.00,-1,-1
23,4,411.45,83.21,86.32,233.61,1.00,-1,-1
23,5,511.76,91.66,81.72,209.18,1.00,-1,-1
23,8,266.41,103.02,81.32,211.83,1.00,-1,-1
24,1,175.90,99.28,45.49,154.71,1.00,-1,-1
24,4,413.27,82.94,86.63,233.20,1.00,-1,-1
24,5,511.93,87.98,82.36,212.11,1.00,-1,-1
24,8,270.67,103.49,80.71,210.32,1.00,-1,-1
25,1,176.94,99.16,45.74,155.12,1.00,-1,-1
25,4,415.24,84.93,84.84,226.70,1.00,-1,-1
25,5,512.81,87.07,82.70,213.11,1.00,-1,-1
25,8,272.87,100.71,80.64,210.67,1.00,-1,-1
26,1,177.22,99.09,45.91,155.39,1.00,-1,-1
26,4,419.08,85.89,86.82,229.38,1.00,-1,-1
26,5,514.28,86.35,83.34,213.31,1.00,-1,-1
26,8,274.87,97.66,81.23,214.26,1.00,-1,-1
27,1,177.21,99.61,45.95,155.03,1.00,-1,-1
27,4,422.33,85.03,88.30,230.96,1.00,-1,-1
27,5,516.37,85.40,85.54,217.50,1.00,-1,-1
27,8,281.92,94.22,80.75,215.42,1.00,-1,-1
28,1,177.11,100.17,46.13,155.08,1.00,-1,-1
28,4,425.82,84.79,88.62,230.61,1.00,-1,-1
28,5,516.50,86.13,87.59,222.20,1.00,-1,-1
28,8,288.26,89.68,79.46,214.31,1.00,-1,-1
29,1,176.46,100.69,46.11,154.88,1.00,-1,-1
29,4,425.65,79.96,89.44,235.10,1.00,-1,-1
29,5,519.56,90.73,87.24,221.13,1.00,-1,-1
29,8,296.17,97.75,76.10,207.88,1.00,-1,-1
30,1,176.83,101.32,46.01,154.09,1.00,-1,-1
30,2,497.53,86.24,66.68,186.49,1.00,-1,-1
30,4,428.19,79.34,89.17,236.63,1.00,-1,-1
30,5,523.13,92.45,85.63,215.04,1.00,-1,-1
30,8,301.84,100.80,74.63,204.75,1.00,-1,-1
31,1,176.91,101.42,46.00,153.72,1.00,-1,-1
31,2,496.34,85.99,64.10,183.01,1.00,-1,-1
31,4,431.44,81.39,84.90,228.19,1.00,-1,-1
31,5,527.99,94.53,80.45,199.91,1.00,-1,-1
31,8,305.79,90.76,78.24,216.63,1.00,-1,-1
32,1,177.08,102.22,45.95,153.06,1.00,-1,-1
32,2,496.84,87.70,63.51,182.77,1.00,-1,-1
32,4,442.36,87.61,81.12,215.41,1.00,-1,-1
32,5,537.55,98.32,82.91,204.11,1.00,-1,-1
32,8,308.97,90.96,78.24,217.65,1.00,-1,-1
33,1,176.94,103.18,45.77,151.99,1.00,-1,-1
33,2,494.44,89.40,63.88,184.96,1.00,-1,-1
33,4,449.49,91.51,80.79,211.16,1.00,-1,-1
33,5,543.64,97.41,81.60,200.62,1.00,-1,-1
33,8,311.78,90.93,77.64,216.21,1.00,-1,-1
34,1,177.00,103.61,45.59,151.08,1.00,-1,-1
34,2,490.06,87.43,65.23,189.21,1.00,-1,-1
34,4,454.65,88.85,82.96,212.93,1.00,-1,-1
34,5,545.58,94.31,86.32,212.89,1.00,-1,-1
34,8,317.73,92.35,76.51,212.16,1.00,-1,-1
35,1,176.70,101.96,46.06,152.62,1.00,-1,-1
35,4,453.38,87.60,89.25,227.54,1.00,-1,-1
35,5,546.82,91.80,88.95,219.95,1.00,-1,-1
35,8,320.40,92.94,76.59,211.30,1.00,-1,-1
36,1,176.85,101.75,46.19,153.12,1.00,-1,-1
36,4,453.37,88.72,90.43,229.21,1.00,-1,-1
36,5,548.37,91.86,89.84,223.72,1.00,-1,-1
36,8,322.16,92.58,77.38,211.85,1.00,-1,-1
37,1,176.51,101.43,46.02,152.60,1.00,-1,-1
37,4,454.80,91.57,89.80,226.19,1.00,-1,-1
37,5,551.24,93.97,88.33,222.10,1.00,-1,-1
37,8,324.36,95.31,77.70,211.44,1.00,-1,-1
38,1,176.46,101.77,45.77,151.93,1.00,-1,-1
38,4,454.31,92.03,89.64,225.73,1.00,-1,-1
38,5,554.35,97.72,85.84,218.39,1.00,-1,-1
38,8,328.49,97.87,77.27,210.91,1.00,-1,-1
39,1,176.14,100.61,45.94,152.73,1.00,-1,-1
39,4,456.15,89.46,89.68,226.41,1.00,-1,-1
39,5,556.23,95.44,84.84,219.01,1.00,-1,-1
39,8,334.07,98.52,76.10,207.89,1.00,-1,-1
40,1,175.92,99.59,46.17,153.78,1.00,-1,-1
40,4,457.21,88.06,89.60,226.35,1.00,-1,-1
40,5,559.91,96.84,82.61,216.23,1.00,-1,-1
40,8,338.34,95.93,76.03,208.26,1.00,-1,-1
41,1,175.47,98.88,46.49,155.05,1.00,-1,-1
41,4,457.97,83.97,90.02,227.96,1.00,-1,-1
41,5,561.50,97.11,81.32,215.22,1.00,-1,-1
41,8,340.41,92.87,76.54,211.20,1.00,-1,-1
42,1,175.15,98.30,46.65,155.87,1.00,-1,-1
42,2,436.91,102.15,51.17,153.69,1.00,-1,-1
42,4,462.50,82.78,87.60,222.98,1.00,-1,-1
42,5,564.15,99.26,79.62,213.03,1.00,-1,-1
42,8,342.67,89.69,76.97,213.47,1.00,-1,-1
43,1,175.32,98.68,46.45,155.08,1.00,-1,-1
43,2,435.72,102.25,49.27,151.68,1.00,-1,-1
43,4,466.03,83.07,85.71,217.64,1.00,-1,-1
43,5,565.52,100.01,78.43,211.49,1.00,-1,-1
43,8,348.28,88.74,76.04,212.54,1.00,-1,-1
44,1,175.20,98.64,46.50,155.15,1.00,-1,-1
44,2,436.23,102.32,48.03,151.24,1.00,-1,-1
44,4,466.19,82.99,85.77,215.71,1.00,-1,-1
44,5,566.86,101.52,77.24,210.05,1.00,-1,-1
44,8,351.23,87.04,75.83,214.12,1.00,-1,-1
45,1,175.12,98.59,46.48,154.89,1.00,-1,-1
45,2,435.93,101.67,48.24,154.52,1.00,-1,-1
45,4,470.35,85.73,85.52,211.92,1.00,-1,-1
45,5,568.46,104.04,75.41,206.70,1.00,-1,-1
45,8,354.19,88.30,75.51,213.16,1.00,-1,-1
46,1,175.11,99.70,46.32,154.14,1.00,-1,-1
46,2,438.68,102.22,44.24,143.06,1.00,-1,-1
46,4,472.42,83.92,88.64,217.60,1.00,-1,-1
46,5,567.55,94.64,77.48,215.21,1.00,-1,-1
46,8,359.94,93.42,73.70,205.44,1.00,-1,-1
47,1,175.19,100.52,46.21,153.40,1.00,-1,-1
47,2,442.29,101.56,42.97,139.71,1.00,-1,-1
47,4,471.35,86.39,90.95,218.06,1.00,-1,-1
47,5,570.10,91.00,78.10,222.77,1.00,-1,-1
47,8,364.99,96.73,72.85,199.75,1.00,-1,-1
48,1,174.95,100.42,46.26,153.47,1.00,-1,-1
48,2,444.91,99.53,44.47,143.86,1.00,-1,-1
48,4,473.65,87.48,93.89,218.70,1.00,-1,-1
48,5,574.38,85.86,74.56,217.97,1.00,-1,-1
48,8,369.29,97.69,73.24,198.53,1.00,-1,-1
49,1,174.75,99.49,46.48,154.24,1.00,-1,-1
49,2,444.50,94.21,50.73,163.81,1.00,-1,-1
49,4,479.10,86.73,97.67,220.33,1.00,-1,-1
49,5,575.67,80.53,74.59,224.36,1.00,-1,-1
49,8,371.77,98.63,73.47,196.82,1.00,-1,-1
50,1,174.90,99.75,46.39,153.70,1.00,-1,-1
50,2,442.16,91.14,56.43,181.66,1.00,-1,-1
50,4,485.14,90.17,97.22,214.81,1.00,-1,-1
50,5,576.43,79.69,74.01,228.86,1.00,-1,-1
50,8,373.99,101.56,72.88,192.90,1.00,-1,-1
51,1,174.75,99.23,46.53,153.87,1.00,-1,-1
51,2,441.14,89.01,58.62,188.43,1.00,-1,-1
51,4,488.93,90.08,97.31,213.17,1.00,-1,-1
51,5,577.97,80.08,72.45,230.49,1.00,-1,-1
51,8,375.59,100.98,73.33,192.69,1.00,-1,-1
52,1,174.30,98.43,46.81,154.88,1.00,-1,-1
52,2,440.05,89.92,59.12,189.76,1.00,-1,-1
52,4,491.58,91.82,97.67,212.31,1.00,-1,-1
52,5,579.56,80.17,70.50,230.58,1.00,-1,-1
52,8,379.53,95.95,73.23,194.01,1.00,-1,-1
53,1,174.34,99.10,46.64,154.49,1.00,-1,-1
53,2,440.09,91.47,57.69,185.55,1.00,-1,-1
53,4,496.16,92.32,98.59,212.75,1.00,-1,-1
53,5,580.23,79.33,69.00,231.39,1.00,-1,-1
53,8,384.30,92.97,74.37,199.89,1.00,-1,-1
54,1,174.36,99.36,46.61,154.35,1.00,-1,-1
54,2,436.02,92.21,57.95,185.26,1.00,-1,-1
54,4,501.55,93.04,98.94,211.33,1.00,-1,-1
54,5,583.96,86.41,62.20,211.55,1.00,-1,-1
54,8,393.20,91.73,74.84,202.15,1.00,-1,-1
55,1,174.39,99.29,46.64,154.47,1.00,-1,-1
55,4,505.49,91.92,97.08,206.44,1.00,-1,-1
55,8,401.77,92.44,74.92,200.20,1.00,-1,-1
56,1,174.63,100.51,46.24,152.96,1.00,-1,-1
56,4,507.82,91.54,96.70,206.71,1.00,-1,-1
56,5,589.62,93.69,51.23,173.27,1.00,-1,-1
56,8,408.58,92.99,75.10,197.93,1.00,-1,-1
57,1,174.59,100.47,46.46,153.56,1.00,-1,-1
57,4,510.13,90.55,97.09,210.34,1.00,-1,-1
57,5,592.32,100.96,46.02,153.45,1.00,-1,-1
57,8,411.51,90.64,75.00,195.42,1.00,-1,-1
58,1,174.82,101.65,46.26,152.83,1.00,-1,-1
58,4,512.58,91.30,97.32,215.21,1.00,-1,-1
58,8,411.70,93.18,75.69,196.50,1.00,-1,-1
59,1,174.71,101.23,46.62,153.94,1.00,-1,-1
59,4,514.74,90.07,98.13,221.45,1.00,-1,-1
59,8,411.53,94.32,75.90,195.31,1.00,-1,-1
60,1,174.44,100.02,47.43,156.55,1.00,-1,-1
60,4,519.52,90.99,96.26,219.07,1.00,-1,-1
60,8,411.49,94.09,76.83,194.50,1.00,-1,-1
61,1,174.50,98.48,48.17,158.33,1.00,-1,-1
61,4,524.13,93.95,91.31,210.41,1.00,-1,-1
61,8,412.30,92.56,78.48,196.38,1.00,-1,-1
62,1,174.64,97.98,48.32,158.32,1.00,-1,-1
62,4,532.40,93.36,89.72,206.65,1.00,-1,-1
62,8,414.88,93.93,78.67,195.15,1.00,-1,-1
63,1,174.74,99.43,47.97,156.73,1.00,-1,-1
63,2,403.68,93.98,57.05,177.27,1.00,-1,-1
63,4,537.98,92.58,89.46,206.48,1.00,-1,-1
63,8,417.35,97.93,77.29,190.63,1.00,-1,-1
64,1,174.63,98.99,48.00,156.62,1.00,-1,-1
64,2,398.66,92.87,59.67,184.13,1.00,-1,-1
64,4,541.67,92.78,89.33,207.61,1.00,-1,-1
64,8,420.57,99.43,77.38,191.39,1.00,-1,-1
65,1,175.04,100.81,47.41,154.23,1.00,-1,-1
65,2,394.75,94.15,60.23,184.61,1.00,-1,-1
65,4,544.43,96.32,87.83,204.60,1.00,-1,-1
65,8,425.26,98.48,75.78,188.90,1.00,-1,-1
66,1,175.10,100.24,47.60,154.32,1.00,-1,-1
66,2,392.98,94.65,60.30,183.19,1.00,-1,-1
66,4,547.15,98.62,87.35,203.76,1.00,-1,-1
66,8,430.44,96.46,73.87,186.19,1.00,-1,-1
67,1,175.03,100.57,47.52,153.76,1.00,-1,-1
67,2,391.61,93.64,59.91,181.91,1.00,-1,-1
67,4,548.88,101.15,85.94,201.70,1.00,-1,-1
67,8,433.54,91.05,74.84,190.97,1.00,-1,-1
68,1,174.72,100.02,47.84,154.91,1.00,-1,-1
68,2,389.45,93.60,60.13,181.84,1.00,-1,-1
68,4,550.69,100.56,84.47,199.45,1.00,-1,-1
68,8,437.00,87.18,74.96,194.03,1.00,-1,-1
69,1,174.65,99.87,48.24,156.57,1.00,-1,-1
69,2,386.93,93.01,59.71,180.96,1.00,-1,-1
69,4,553.81,98.71,82.98,196.39,1.00,-1,-1
69,8,441.71,86.35,74.15,193.31,1.00,-1,-1
70,1,175.39,100.85,48.12,156.41,1.00,-1,-1
70,2,383.56,91.94,59.12,180.10,1.00,-1,-1
70,4,556.59,96.45,82.36,195.64,1.00,-1,-1
70,8,446.76,90.73,72.09,188.34,1.00,-1,-1
71,1,176.44,102.25,47.59,154.92,1.00,-1,-1
71,2,382.90,92.39,59.71,182.37,1.00,-1,-1
71,4,557.69,93.77,83.27,199.05,1.00,-1,-1
71,8,449.26,93.92,70.99,185.80,1.00,-1,-1
72,1,177.05,102.04,47.61,155.25,1.00,-1,-1
72,2,381.10,91.20,60.06,183.90,1.00,-1,-1
72,4,559.73,92.26,83.13,200.27,1.00,-1,-1
72,8,450.60,95.72,70.38,184.90,1.00,-1,-1
73,1,177.89,102.03,47.52,154.72,1.00,-1,-1
73,2,379.05,89.51,60.68,186.28,1.00,-1,-1
73,4,561.33,91.96,83.52,203.63,1.00,-1,-1
73,8,452.61,96.64,69.99,185.52,1.00,-1,-1
74,1,177.69,99.38,48.52,157.85,1.00,-1,-1
74,2,377.92,89.72,60.65,185.82,1.00,-1,-1
74,4,563.36,93.31,81.60,200.99,1.00,-1,-1
74,8,457.16,97.37,68.78,185.68,1.00,-1,-1
75,1,178.29,96.80,49.48,160.87,1.00,-1,-1
75,2,376.88,90.79,60.17,183.10,1.00,-1,-1
75,4,564.32,94.51,80.56,200.45,1.00,-1,-1
75,8,460.32,96.99,68.49,186.93,1.00,-1,-1
76,1,178.38,95.27,49.83,162.36,1.00,-1,-1
76,2,375.34,91.05,60.25,181.71,1.00,-1,-1
76,4,565.02,94.33,79.96,201.15,1.00,-1,-1
76,8,462.82,95.74,68.35,187.54,1.00,-1,-1
77,1,178.70,95.58,49.79,162.02,1.00,-1,-1
77,2,373.58,93.04,59.71,178.02,1.00,-1,-1
77,4,564.68,94.18,78.84,199.34,1.00,-1,-1
77,8,465.30,97.64,67.93,186.28,1.00,-1,-1
78,1,179.93,98.29,49.09,158.97,1.00,-1,-1
78,2,371.06,96.03,59.43,173.69,1.00,-1,-1
78,4,565.56,94.80,76.37,193.29,1.00,-1,-1
78,8,468.32,97.66,67.41,183.44,1.00,-1,-1
79,1,180.50,99.72,48.84,157.52,1.00,-1,-1
79,2,369.79,96.74,59.79,172.60,1.00,-1,-1
79,4,566.06,94.45,75.51,192.07,1.00,-1,-1
79,8,471.74,98.35,66.75,179.53,1.00,-1,-1
80,1,180.35,99.01,49.27,158.25,1.00,-1,-1
80,2,367.89,94.78,61.09,174.93,1.00,-1,-1
80,4,565.59,99.51,72.73,186.40,1.00,-1,-1
80,8,474.50,96.64,69.02,183.03,1.00,-1,-1
81,1,180.44,98.04,49.61,159.00,1.00,-1,-1
81,2,366.98,95.22,60.66,172.86,1.00,-1,-1
81,4,566.10,102.32,71.40,184.15,1.00,-1,-1
81,8,476.64,92.97,71.30,188.25,1.00,-1,-1
82,1,181.95,99.34,49.41,157.96,1.00,-1,-1
82,2,364.04,95.23,61.19,173.89,1.00,-1,-1
82,4,575.01,99.89,71.27,190.09,1.00,-1,-1
82,5,566.51,105.00,53.39,178.92,1.00,-1,-1
82,8,480.27,93.12,71.37,189.04,1.00,-1,-1
83,1,182.84,102.32,48.90,155.06,1.00,-1,-1
83,2,361.16,95.02,61.21,173.70,1.00,-1,-1
83,4,579.59,102.65,68.69,188.69,1.00,-1,-1
83,5,566.77,109.30,52.13,173.55,1.00,-1,-1
83,8,484.47,92.48,72.15,191.29,1.00,-1,-1
84,1,183.13,103.34,48.98,154.14,1.00,-1,-1
84,2,359.69,96.26,59.79,168.80,1.00,-1,-1
84,4,582.66,104.09,65.24,184.44,1.00,-1,-1
84,5,565.88,117.91,49.99,162.33,1.00,-1,-1
84,8,488.56,89.38,72.37,193.67,1.00,-1,-1
85,1,182.71,101.85,49.91,155.95,1.00,-1,-1
85,2,359.75,98.47,57.25,160.57,1.00,-1,-1
85,5,562.30,121.00,49.41,158.03,1.00,-1,-1
85,8,491.52,90.37,71.97,191.83,1.00,-1,-1
86,1,182.34,100.50,50.75,157.39,1.00,-1,-1
86,2,353.03,97.36,58.56,164.26,1.00,-1,-1
86,5,560.23,117.99,50.60,159.39,1.00,-1,-1
86,8,494.30,95.22,70.12,186.22,1.00,-1,-1
87,1,182.53,99.28,51.47,158.62,1.00,-1,-1
87,2,348.95,97.73,59.43,166.63,1.00,-1,-1
87,5,540.38,108.62,55.90,168.75,1.00,-1,-1
87,8,497.33,99.23,69.32,181.01,1.00,-1,-1
88,1,183.04,98.49,52.11,159.29,1.00,-1,-1
88,2,346.44,95.60,60.84,170.30,1.00,-1,-1
88,8,501.39,100.21,70.35,179.01,1.00,-1,-1
89,1,183.93,98.80,52.28,158.78,1.00,-1,-1
89,2,344.97,94.34,61.41,172.12,1.00,-1,-1
89,8,508.17,97.73,73.10,181.24,1.00,-1,-1
90,1,184.42,99.17,52.08,157.78,1.00,-1,-1
90,2,342.64,94.53,61.42,171.98,1.00,-1,-1
90,8,514.01,100.97,72.77,177.25,1.00,-1,-1
91,1,185.20,98.93,51.81,156.82,1.00,-1,-1
91,2,339.35,95.05,60.99,168.36,1.00,-1,-1
91,8,517.43,99.27,73.11,177.12,1.00,-1,-1
92,1,186.20,97.87,51.70,156.25,1.00,-1,-1
92,2,336.06,96.41,61.47,166.07,1.00,-1,-1
92,8,520.59,93.09,75.72,183.00,1.00,-1,-1
93,1,187.30,97.56,51.68,155.92,1.00,-1,-1
93,2,332.28,97.26,62.16,163.54,1.00,-1,-1
93,8,523.19,91.58,75.41,181.34,1.00,-1,-1
94,1,188.37,97.06,51.79,155.88,1.00,-1,-1
94,2,328.56,97.12,63.93,164.38,1.00,-1,-1
94,8,523.39,90.68,75.90,182.22,1.00,-1,-1
95,1,189.54,98.36,51.41,153.94,1.00,-1,-1
95,2,326.40,97.12,65.40,164.52,1.00,-1,-1
95,8,521.04,94.13,75.22,178.42,1.00,-1,-1
96,1,189.58,98.74,51.74,154.21,1.00,-1,-1
96,2,324.98,96.51,66.83,165.17,1.00,-1,-1
96,8,519.40,92.70,76.45,180.16,1.00,-1,-1
97,1,189.60,97.72,52.36,155.45,1.00,-1,-1
97,2,324.29,97.40,67.25,164.13,1.00,-1,-1
97,4,555.04,105.44,57.38,161.22,1.00,-1,-1
97,5,511.99,102.69,54.27,159.45,1.00,-1,-1
97,8,521.89,95.92,74.37,173.92,1.00,-1,-1
98,1,189.23,97.07,52.97,156.58,1.00,-1,-1
98,2,322.88,97.02,67.61,164.12,1.00,-1,-1
98,5,509.96,102.80,54.03,158.23,1.00,-1,-1
98,8,526.11,98.57,72.70,171.24,1.00,-1,-1
98,10,377.67,110.70,56.48,142.07,1.00,-1,-1
99,1,188.73,96.23,53.77,158.25,1.00,-1,-1
99,2,321.24,97.55,66.88,162.58,1.00,-1,-1
99,5,509.46,105.31,53.08,154.89,1.00,-1,-1
99,8,539.58,105.52,69.82,164.30,1.00,-1,-1
99,10,377.58,111.09,56.33,142.02,1.00,-1,-1
100,1,188.56,96.25,54.09,158.58,1.00,-1,-1
100,2,320.23,97.44,66.45,161.65,1.00,-1,-1
100,5,507.05,111.17,52.42,151.30,1.00,-1,-1
100,8,544.85,107.96,69.11,162.67,1.00,-1,-1
100,10,378.75,111.19,55.04,139.29,1.00,-1,-1
101,1,188.36,95.81,54.43,158.97,1.00,-1,-1
101,2,318.96,97.52,66.78,163.36,1.00,-1,-1
101,4,538.48,108.76,56.33,158.35,1.00,-1,-1
101,5,505.87,113.30,51.94,148.58,1.00,-1,-1
101,8,548.13,107.86,68.98,163.46,1.00,-1,-1
101,10,379.02,110.42,54.39,138.16,1.00,-1,-1
102,1,188.26,96.09,54.48,158.35,1.00,-1,-1
102,2,315.87,93.98,68.35,169.17,1.00,-1,-1
102,5,504.15,113.45,52.93,150.22,1.00,-1,-1
102,8,551.00,107.35,69.14,164.97,1.00,-1,-1
102,10,379.39,107.81,54.49,139.31,1.00,-1,-1
103,1,187.86,96.16,54.82,158.98,1.00,-1,-1
103,2,313.09,92.50,68.41,171.83,1.00,-1,-1
103,5,501.65,114.02,53.83,150.54,1.00,-1,-1
103,8,553.62,105.04,68.88,166.20,1.00,-1,-1
103,10,379.62,107.21,54.12,139.20,1.00,-1,-1
104,1,187.41,96.61,54.97,158.99,1.00,-1,-1
104,2,311.12,94.56,66.93,170.56,1.00,-1,-1
104,5,498.37,111.56,55.81,153.65,1.00,-1,-1
104,8,557.32,101.76,67.91,166.13,1.00,-1,-1
104,10,379.80,107.71,53.64,138.72,1.00,-1,-1
105,1,187.06,96.38,55.11,159.17,1.00,-1,-1
105,2,309.42,92.43,66.61,172.19,1.00,-1,-1
105,5,496.31,112.12,57.66,153.35,1.00,-1,-1
105,8,562.78,101.68,66.73,165.99,1.00,-1,-1
105,10,380.71,107.51,53.25,138.40,1.00,-1,-1
106,1,186.90,95.65,55.28,159.44,1.00,-1,-1
106,2,309.77,96.71,64.17,167.85,1.00,-1,-1
106,4,529.80,113.25,50.49,142.29,1.00,-1,-1
106,5,493.81,113.08,59.56,152.49,1.00,-1,-1
106,8,568.57,100.88,66.41,167.32,1.00,-1,-1
106,10,381.71,108.23,53.17,138.43,1.00,-1,-1
107,1,187.15,95.64,54.86,158.25,1.00,-1,-1
107,2,310.15,97.68,62.92,166.47,1.00,-1,-1
107,4,528.26,113.34,49.21,140.14,1.00,-1,-1
107,5,494.24,114.27,60.35,150.52,1.00,-1,-1
107,8,572.39,98.94,66.75,169.32,1.00,-1,-1
107,10,382.05,108.11,53.54,139.31,1.00,-1,-1
108,1,187.13,95.29,54.77,158.21,1.00,-1,-1
108,2,308.53,92.97,63.46,171.11,1.00,-1,-1
108,4,526.18,113.40,48.68,139.49,1.00,-1,-1
108,5,497.05,112.25,61.26,149.78,1.00,-1,-1
108,8,575.88,96.63,66.75,171.28,1.00,-1,-1
108,10,382.43,108.65,53.57,139.44,1.00,-1,-1
108,11,470.91,121.61,59.00,138.26,1.00,-1,-1
109,1,186.95,95.40,54.61,157.98,1.00,-1,-1
109,2,306.94,93.68,61.84,169.95,1.00,-1,-1
109,5,500.90,116.56,57.57,137.50,1.00,-1,-1
109,8,578.98,97.95,64.51,167.30,1.00,-1,-1
109,10,381.60,107.81,53.66,140.65,1.00,-1,-1
109,11,469.04,123.06,59.83,138.32,1.00,-1,-1
110,1,187.31,95.46,54.50,157.90,1.00,-1,-1
110,2,306.47,95.20,59.93,167.66,1.00,-1,-1
110,5,502.51,118.88,55.98,131.00,1.00,-1,-1
110,8,582.90,100.46,61.89,162.95,1.00,-1,-1
110,10,381.54,107.91,53.41,140.92,1.00,-1,-1
110,11,467.52,127.84,59.68,135.15,1.00,-1,-1
111,1,187.59,94.54,54.83,159.07,1.00,-1,-1
111,2,305.54,94.15,58.83,167.38,1.00,-1,-1
111,5,505.87,117.19,55.73,128.96,1.00,-1,-1
111,8,583.31,97.61,62.36,166.91,1.00,-1,-1
111,10,382.21,109.48,52.60,139.18,1.00,-1,-1
111,11,463.53,122.45,64.31,142.83,1.00,-1,-1
112,1,187.78,94.79,55.10,159.55,1.00,-1,-1
112,2,304.65,95.36,57.50,165.51,1.00,-1,-1
112,5,511.03,115.69,55.67,129.40,1.00,-1,-1
112,8,584.76,96.81,61.61,167.99,1.00,-1,-1
112,10,382.54,111.26,51.98,137.06,1.00,-1,-1
112,11,458.16,119.79,66.78,146.65,1.00,-1,-1
113,1,187.81,94.84,55.16,159.70,1.00,-1,-1
113,2,304.42,94.83,56.67,164.87,1.00,-1,-1
113,5,513.38,113.98,56.32,131.86,1.00,-1,-1
113,8,586.16,95.19,60.95,169.80,1.00,-1,-1
113,10,382.82,112.35,51.66,135.88,1.00,-1,-1
113,11,453.98,118.05,68.09,148.35,1.00,-1,-1
114,1,188.12,94.40,55.24,159.85,1.00,-1,-1
114,2,303.43,94.63,56.34,165.06,1.00,-1,-1
114,5,511.59,112.28,58.67,138.01,1.00,-1,-1
114,8,588.84,93.90,59.75,171.35,1.00,-1,-1
114,10,383.44,113.87,51.31,135.00,1.00,-1,-1
114,11,451.99,116.45,68.13,147.69,1.00,-1,-1
115,1,188.50,94.21,55.25,159.60,1.00,-1,-1
115,2,302.63,93.19,56.25,165.99,1.00,-1,-1
115,5,509.58,111.15,61.13,144.78,1.00,-1,-1
115,8,590.46,91.61,59.72,177.29,1.00,-1,-1
115,10,384.86,115.02,50.81,133.77,1.00,-1,-1
115,11,451.65,115.94,67.88,147.27,1.00,-1,-1
116,1,188.47,93.17,55.40,160.19,1.00,-1,-1
116,2,301.56,91.04,56.41,167.74,1.00,-1,-1
116,5,508.02,111.30,61.52,146.59,1.00,-1,-1
116,8,592.03,89.79,58.32,179.06,1.00,-1,-1
116,10,386.44,114.54,51.56,135.93,1.00,-1,-1
116,11,451.00,115.07,67.27,146.70,1.00,-1,-1
117,1,188.73,92.62,55.54,160.66,1.00,-1,-1
117,2,301.03,91.24,55.85,166.96,1.00,-1,-1
117,5,508.41,111.91,60.48,145.05,1.00,-1,-1
117,8,594.46,90.50,55.73,177.17,1.00,-1,-1
117,10,387.20,115.40,51.24,135.08,1.00,-1,-1
117,11,446.01,114.55,66.20,146.38,1.00,-1,-1
118,1,189.16,92.83,55.47,160.67,1.00,-1,-1
118,2,300.30,90.75,55.76,167.82,1.00,-1,-1
118,5,508.16,111.68,58.74,141.68,1.00,-1,-1
118,8,597.06,89.65,52.67,173.40,1.00,-1,-1
118,10,388.06,117.12,49.87,131.67,1.00,-1,-1
118,11,442.65,115.56,64.19,144.46,1.00,-1,-1
119,1,189.82,95.60,54.70,158.12,1.00,-1,-1
119,2,299.56,89.83,55.32,167.82,1.00,-1,-1
119,5,505.53,112.30,57.80,140.07,1.00,-1,-1
119,10,388.41,118.52,48.86,128.88,1.00,-1,-1
119,11,439.85,115.35,63.08,144.94,1.00,-1,-1
120,1,190.37,96.39,54.38,156.91,1.00,-1,-1
120,2,299.48,90.79,54.28,165.50,1.00,-1,-1
120,5,503.77,111.61,57.80,140.43,1.00,-1,-1
120,10,389.09,118.12,48.80,128.71,1.00,-1,-1
120,11,436.90,115.83,61.25,143.78,1.00,-1,-1
121,1,190.74,96.09,54.40,156.83,1.00,-1,-1
121,2,299.51,92.37,52.88,161.83,1.00,-1,-1
121,5,502.53,110.01,57.99,141.33,1.00,-1,-1
121,10,389.93,113.56,51.42,139.13,1.00,-1,-1
121,11,435.33,115.82,60.63,144.63,1.00,-1,-1
122,1,191.10,97.72,54.19,155.75,1.00,-1,-1
122,2,299.19,93.10,51.93,159.14,1.00,-1,-1
122,5,500.88,107.48,58.19,141.91,1.00,-1,-1
122,10,392.79,113.20,51.10,141.83,1.00,-1,-1
122,11,433.47,116.56,59.54,144.09,1.00,-1,-1
123,1,191.83,98.55,54.14,154.72,1.00,-1,-1
123,2,298.34,92.35,52.03,159.26,1.00,-1,-1
123,5,499.76,105.50,59.19,143.27,1.00,-1,-1
123,10,397.66,112.22,51.70,146.32,1.00,-1,-1
123,11,429.52,118.42,59.88,145.77,1.00,-1,-1
124,1,192.65,97.85,54.66,155.33,1.00,-1,-1
124,2,297.01,91.31,52.69,160.87,1.00,-1,-1
124,5,498.26,104.99,60.76,144.22,1.00,-1,-1
124,10,404.34,112.03,52.65,149.59,1.00,-1,-1
124,11,423.55,119.03,60.82,147.29,1.00,-1,-1
125,1,192.95,97.97,54.66,154.71,1.00,-1,-1
125,2,295.30,91.04,53.03,161.53,1.00,-1,-1
125,5,496.92,106.55,61.43,142.58,1.00,-1,-1
125,10,408.45,111.48,53.97,151.67,1.00,-1,-1
126,1,192.63,97.79,54.91,155.08,1.00,-1,-1
126,2,294.22,91.55,53.26,161.81,1.00,-1,-1
126,5,494.73,106.70,61.73,141.80,1.00,-1,-1
126,10,411.29,113.36,55.14,150.97,1.00,-1,-1
127,1,192.45,97.73,54.81,154.65,1.00,-1,-1
127,2,292.56,91.39,54.02,163.38,1.00,-1,-1
127,5,492.40,107.83,61.78,141.13,1.00,-1,-1
127,10,410.86,113.30,57.62,152.11,1.00,-1,-1
128,1,192.48,97.33,54.73,154.08,1.00,-1,-1
128,2,291.18,91.92,54.25,163.13,1.00,-1,-1
128,5,489.22,108.66,61.48,139.10,1.00,-1,-1
128,10,410.57,112.09,59.94,154.01,1.00,-1,-1
129,1,192.42,96.85,54.86,154.03,1.00,-1,-1
129,2,292.43,95.15,53.93,159.44,1.00,-1,-1
129,5,487.22,113.08,60.35,135.32,1.00,-1,-1
129,10,407.54,113.06,60.94,153.02,1.00,-1,-1
130,1,192.58,97.12,54.63,152.73,1.00,-1,-1
130,2,291.65,96.48,54.29,157.15,1.00,-1,-1
130,5,485.52,115.23,60.44,134.21,1.00,-1,-1
130,10,403.67,114.85,61.05,150.64,1.00,-1,-1
131,1,192.61,96.37,54.80,152.45,1.00,-1,-1
131,2,288.88,97.20,55.64,156.95,1.00,-1,-1
131,5,478.57,116.52,61.25,135.75,1.00,-1,-1
131,10,401.44,116.73,60.14,147.38,1.00,-1,-1
132,1,192.63,96.95,54.74,151.45,1.00,-1,-1
132,2,286.82,100.55,55.95,153.45,1.00,-1,-1
132,5,475.11,118.21,61.58,135.73,1.00,-1,-1
132,10,399.71,118.01,59.29,145.15,1.00,-1,-1
133,1,192.77,98.04,54.17,149.16,1.00,-1,-1
133,2,284.90,101.20,57.15,152.27,1.00,-1,-1
133,5,472.24,118.60,61.77,135.62,1.00,-1,-1
133,10,397.61,116.40,58.03,143.56,1.00,-1,-1
134,1,192.59,99.04,53.86,147.61,1.00,-1,-1
134,2,282.79,101.38,58.38,151.26,1.00,-1,-1
134,5,469.76,115.45,63.70,138.63,1.00,-1,-1
134,10,395.07,113.20,57.86,145.00,1.00,-1,-1
135,1,191.75,98.37,53.89,147.48,1.00,-1,-1
135,2,281.88,101.82,59.47,150.71,1.00,-1,-1
135,5,468.35,114.61,64.54,139.91,1.00,-1,-1
135,10,393.19,110.42,58.44,148.45,1.00,-1,-1
136,1,191.04,96.84,54.06,148.06,1.00,-1,-1
136,2,280.84,102.68,59.90,149.53,1.00,-1,-1
136,5,466.66,114.07,64.89,140.06,1.00,-1,-1
136,10,391.87,112.38,57.13,146.16,1.00,-1,-1
137,1,190.49,94.93,54.22,148.76,1.00,-1,-1
137,2,278.90,102.60,60.94,150.83,1.00,-1,-1
137,5,465.89,113.27,65.14,140.59,1.00,-1,-1
137,10,391.79,112.47,56.68,145.59,1.00,-1,-1
138,1,189.86,93.64,54.40,149.66,1.00,-1,-1
138,2,276.42,101.07,62.55,153.42,1.00,-1,-1
138,5,464.67,111.79,65.75,142.27,1.00,-1,-1
138,10,390.74,112.20,56.23,144.85,1.00,-1,-1
139,1,189.52,92.58,54.81,151.98,1.00,-1,-1
139,2,275.54,101.34,63.09,153.68,1.00,-1,-1
139,5,462.32,110.68,65.53,142.24,1.00,-1,-1
139,10,389.37,111.62,56.64,145.28,1.00,-1,-1
140,1,189.36,91.43,55.19,153.92,1.00,-1,-1
140,2,275.48,102.22,63.28,152.43,1.00,-1,-1
140,5,461.45,110.38,64.48,140.09,1.00,-1,-1
140,10,387.58,113.72,57.53,145.90,1.00,-1,-1
141,1,188.98,91.13,55.09,154.47,1.00,-1,-1
141,2,273.93,103.71,62.61,149.81,1.00,-1,-1
141,5,460.89,109.73,64.29,140.32,1.00,-1,-1
141,10,385.04,114.91,58.08,144.32,1.00,-1,-1
142,1,188.73,91.42,54.77,154.33,1.00,-1,-1
142,2,271.74,102.93,62.48,149.68,1.00,-1,-1
142,5,460.73,110.12,63.41,139.72,1.00,-1,-1
142,10,381.66,115.50,59.06,142.40,1.00,-1,-1
143,1,188.60,91.05,54.62,154.94,1.00,-1,-1
143,2,268.58,101.67,62.38,150.44,1.00,-1,-1
143,5,460.38,112.03,62.39,138.37,1.00,-1,-1
143,10,378.08,115.05,60.36,141.37,1.00,-1,-1
144,1,188.37,90.93,54.42,155.55,1.00,-1,-1
144,2,266.30,100.62,62.47,151.39,1.00,-1,-1
144,5,459.76,113.31,61.92,137.97,1.00,-1,-1
144,10,375.80,114.19,62.26,141.06,1.00,-1,-1
145,1,188.23,91.19,53.92,155.40,1.00,-1,-1
145,2,262.99,97.50,62.85,153.90,1.00,-1,-1
145,5,461.00,116.20,60.73,136.57,1.00,-1,-1
145,10,374.62,115.71,63.38,140.03,1.00,-1,-1
145,12,23.03,118.65,50.92,162.45,1.00,-1,-1
146,1,188.17,91.48,53.57,155.48,1.00,-1,-1
146,2,260.43,95.60,62.65,155.41,1.00,-1,-1
146,5,461.31,117.95,59.60,135.18,1.00,-1,-1
146,10,371.81,117.41,64.30,139.61,1.00,-1,-1
146,11,396.93,117.05,53.91,135.62,1.00,-1,-1
146,12,30.54,120.63,50.91,161.34,1.00,-1,-1
147,1,188.15,92.39,53.00,154.90,1.00,-1,-1
147,2,257.76,93.73,62.49,157.10,1.00,-1,-1
147,5,461.43,118.27,58.98,134.64,1.00,-1,-1
147,10,367.54,117.50,65.28,141.07,1.00,-1,-1
147,11,401.74,116.95,51.29,135.68,1.00,-1,-1
147,12,35.66,118.66,52.80,164.85,1.00,-1,-1
148,1,187.76,93.28,52.56,154.74,1.00,-1,-1
148,2,256.44,92.39,62.50,158.86,1.00,-1,-1
148,5,460.74,118.47,58.14,133.95,1.00,-1,-1
148,8,449.61,113.64,43.60,141.32,1.00,-1,-1
148,10,361.27,117.88,65.44,141.65,1.00,-1,-1
148,11,406.77,117.83,48.46,133.75,1.00,-1,-1
148,12,38.85,125.78,52.64,159.22,1.00,-1,-1
149,1,187.55,92.70,52.48,155.61,1.00,-1,-1
149,2,256.27,92.23,61.98,159.03,1.00,-1,-1
149,5,459.64,119.58,57.43,133.08,1.00,-1,-1
149,8,448.05,114.85,44.69,140.67,1.00,-1,-1
149,10,355.77,117.96,65.49,142.05,1.00,-1,-1
149,11,408.90,117.69,47.85,134.69,1.00,-1,-1
149,12,38.93,127.05,54.08,157.78,1.00,-1,-1
150,1,187.37,91.44,52.54,156.82,1.00,-1,-1
150,2,255.96,90.88,62.20,160.71,1.00,-1,-1
150,5,460.23,120.66,56.19,131.35,1.00,-1,-1
150,8,446.61,114.50,44.64,140.93,1.00,-1,-1
150,10,350.62,114.72,64.79,142.45,1.00,-1,-1
150,11,409.42,116.86,47.67,136.35,1.00,-1,-1
150,12,39.81,129.35,55.04,155.94,1.00,-1,-1
151,1,187.26,91.78,52.33,157.28,1.00,-1,-1
151,2,255.63,90.24,61.94,161.29,1.00,-1,-1
151,5,460.93,120.78,55.27,130.53,1.00,-1,-1
151,8,446.33,114.15,44.69,140.52,1.00,-1,-1
151,10,349.35,114.01,63.61,141.82,1.00,-1,-1
151,11,408.70,116.34,47.19,136.91,1.00,-1,-1
151,12,40.48,124.01,58.01,160.89,1.00,-1,-1
152,1,187.39,92.46,51.86,156.78,1.00,-1,-1
152,2,255.15,90.14,61.62,161.59,1.00,-1,-1
152,5,462.21,122.56,53.91,129.01,1.00,-1,-1
152,8,445.28,113.49,44.65,141.01,1.00,-1,-1
152,10,349.59,114.19,61.94,140.56,1.00,-1,-1
152,11,408.66,116.21,46.93,137.30,1.00,-1,-1
152,12,42.32,125.65,58.11,157.70,1.00,-1,-1
153,1,187.52,91.66,51.73,157.49,1.00,-1,-1
153,2,254.67,89.94,61.37,162.00,1.00,-1,-1
153,5,462.02,122.28,53.38,129.25,1.00,-1,-1
153,8,445.31,115.08,44.64,140.25,1.00,-1,-1
153,10,347.70,111.69,62.66,143.73,1.00,-1,-1
153,11,409.66,117.25,46.50,135.40,1.00,-1,-1
153,12,47.87,121.33,59.12,159.25,1.00,-1,-1
154,1,187.80,91.51,51.32,157.34,1.00,-1,-1
154,2,253.83,89.93,60.93,161.88,1.00,-1,-1
154,5,461.05,120.70,53.79,131.40,1.00,-1,-1
154,8,445.31,114.40,45.56,142.30,1.00,-1,-1
154,10,346.06,109.40,62.77,145.43,1.00,-1,-1
154,11,409.41,116.92,46.59,135.81,1.00,-1,-1
154,12,55.83,117.14,59.95,162.59,1.00,-1,-1
155,1,187.97,90.83,50.88,157.05,1.00,-1,-1
155,2,253.47,89.83,60.45,161.73,1.00,-1,-1
155,5,459.84,121.09,53.68,131.80,1.00,-1,-1
155,8,445.22,112.11,46.52,145.14,1.00,-1,-1
155,10,345.48,109.72,61.89,145.06,1.00,-1,-1
155,11,408.89,116.59,46.98,137.20,1.00,-1,-1
155,12,62.17,116.22,60.02,164.84,1.00,-1,-1
156,1,188.06,90.87,50.53,156.83,1.00,-1,-1
156,2,253.40,90.58,59.69,160.55,1.00,-1,-1
156,5,458.92,121.58,53.37,131.77,1.00,-1,-1
156,8,444.36,111.70,46.81,146.05,1.00,-1,-1
156,10,345.72,110.76,61.17,144.70,1.00,-1,-1
156,11,408.85,116.33,47.14,138.23,1.00,-1,-1
156,12,67.78,115.02,59.23,164.11,1.00,-1,-1
157,1,188.54,90.77,50.58,157.61,1.00,-1,-1
157,2,253.07,91.44,58.81,159.19,1.00,-1,-1
157,5,460.69,124.52,51.46,128.56,1.00,-1,-1
157,8,443.11,110.70,46.87,147.00,1.00,-1,-1
157,10,344.57,111.65,60.52,144.68,1.00,-1,-1
157,11,408.53,115.82,46.97,139.02,1.00,-1,-1
157,12,73.93,118.66,57.12,159.91,1.00,-1,-1
158,1,188.85,91.26,50.35,157.67,1.00,-1,-1
158,2,252.84,92.06,58.11,158.33,1.00,-1,-1
158,5,460.92,126.15,50.25,127.03,1.00,-1,-1
158,8,443.91,111.75,46.50,146.24,1.00,-1,-1
158,10,342.86,111.07,59.55,144.54,1.00,-1,-1
158,11,408.17,115.90,46.78,139.98,1.00,-1,-1
158,12,79.08,119.54,56.27,158.89,1.00,-1,-1
159,1,189.30,91.15,50.05,157.51,1.00,-1,-1
159,2,252.54,92.42,57.49,157.70,1.00,-1,-1
159,5,461.98,127.47,48.87,124.97,1.00,-1,-1
159,8,444.72,112.12,46.68,146.69,1.00,-1,-1
159,10,340.94,111.97,57.96,143.34,1.00,-1,-1
159,11,407.29,115.50,46.91,142.06,1.00,-1,-1
159,12,85.98,125.98,53.41,152.12,1.00,-1,-1
160,1,189.41,92.66,49.41,155.88,1.00,-1,-1
160,2,252.90,93.30,56.68,156.59,1.00,-1,-1
160,5,464.77,129.75,46.64,121.06,1.00,-1,-1
160,8,443.83,112.07,46.40,146.31,1.00,-1,-1
160,10,340.01,113.57,56.84,142.37,1.00,-1,-1
160,11,406.72,115.14,47.00,143.85,1.00,-1,-1
160,12,91.08,129.53,52.19,148.87,1.00,-1,-1
161,1,189.78,92.65,49.23,155.54,1.00,-1,-1
161,2,253.12,93.77,56.14,155.99,1.00,-1,-1
161,5,466.33,131.61,44.91,117.81,1.00,-1,-1
161,8,443.65,112.38,46.24,145.31,1.00,-1,-1
161,10,339.46,115.64,55.23,140.34,1.00,-1,-1
161,11,405.13,116.60,46.76,143.13,1.00,-1,-1
161,12,94.90,119.65,56.10,159.63,1.00,-1,-1
162,1,190.00,92.01,48.93,154.65,1.00,-1,-1
162,2,253.23,93.12,56.14,157.01,1.00,-1,-1
162,8,442.93,112.70,46.34,145.19,1.00,-1,-1
162,10,338.27,116.90,53.86,138.89,1.00,-1,-1
162,11,404.25,116.91,46.98,143.61,1.00,-1,-1
162,12,99.51,117.63,58.90,163.22,1.00,-1,-1
163,1,190.19,92.03,48.77,154.02,1.00,-1,-1
163,2,252.57,92.53,55.70,157.44,1.00,-1,-1
163,8,440.59,112.89,47.31,147.26,1.00,-1,-1
163,10,336.67,116.45,53.35,139.32,1.00,-1,-1
163,11,403.96,116.89,47.35,144.37,1.00,-1,-1
163,12,104.83,126.28,58.11,153.79,1.00,-1,-1
164,1,190.00,91.85,48.67,153.79,1.00,-1,-1
164,2,252.36,90.55,55.87,159.24,1.00,-1,-1
164,8,437.75,113.35,48.03,148.65,1.00,-1,-1
164,10,335.08,114.99,53.51,140.56,1.00,-1,-1
164,11,404.50,116.44,47.93,145.61,1.00,-1,-1
164,12,108.79,125.27,60.58,154.19,1.00,-1,-1
165,1,190.16,92.26,48.63,153.52,1.00,-1,-1
165,2,252.87,90.09,55.29,158.78,1.00,-1,-1
165,8,436.95,114.04,48.13,148.16,1.00,-1,-1
165,10,333.29,113.32,53.51,141.71,1.00,-1,-1
165,11,403.53,116.08,48.17,145.84,1.00,-1,-1
165,12,108.96,119.40,64.83,159.78,1.00,-1,-1
166,1,189.79,93.41,48.47,152.68,1.00,-1,-1
166,2,253.14,90.07,54.69,157.97,1.00,-1,-1
166,8,434.95,112.91,48.57,148.93,1.00,-1,-1
166,10,331.55,112.24,53.29,142.40,1.00,-1,-1
166,11,406.13,114.38,48.21,146.44,1.00,-1,-1
166,12,108.55,118.81,67.17,160.48,1.00,-1,-1
167,1,189.19,94.33,48.51,151.93,1.00,-1,-1
167,2,253.61,89.92,54.35,157.50,1.00,-1,-1
167,8,433.63,108.74,49.43,151.95,1.00,-1,-1
167,10,330.53,111.57,52.96,142.51,1.00,-1,-1
167,11,407.33,112.83,48.34,147.78,1.00,-1,-1
167,12,106.47,116.70,70.23,163.41,1.00,-1,-1
168,1,188.87,93.86,48.95,152.72,1.00,-1,-1
168,2,253.73,88.92,54.47,158.40,1.00,-1,-1
168,8,431.91,106.41,50.06,153.73,1.00,-1,-1
168,10,330.29,110.69,52.47,142.10,1.00,-1,-1
168,11,407.78,110.52,48.86,150.62,1.00,-1,-1
168,12,105.50,105.23,75.73,175.43,1.00,-1,-1
169,1,188.88,92.91,49.50,154.38,1.00,-1,-1
169,2,253.22,87.52,54.65,159.93,1.00,-1,-1
169,8,431.85,104.83,50.44,154.49,1.00,-1,-1
169,10,330.41,110.62,51.61,140.58,1.00,-1,-1
169,11,394.96,111.31,48.52,148.02,1.00,-1,-1
169,12,108.35,98.86,77.96,180.98,1.00,-1,-1
170,1,189.04,92.60,49.62,154.95,1.00,-1,-1
170,2,253.22,87.27,54.64,160.69,1.00,-1,-1
170,5,400.82,108.64,58.22,154.05,1.00,-1,-1
170,8,431.71,103.84,50.61,153.41,1.00,-1,-1
170,10,328.56,108.89,51.80,142.09,1.00,-1,-1
170,11,389.33,111.51,48.81,147.19,1.00,-1,-1
170,12,112.45,102.40,75.80,176.23,1.00,-1,-1
171,1,189.55,92.76,49.41,154.64,1.00,-1,-1
171,2,253.23,86.28,54.79,162.41,1.00,-1,-1
171,5,401.73,108.75,58.86,155.78,1.00,-1,-1
171,8,429.28,104.69,51.94,155.36,1.00,-1,-1
171,10,327.93,108.54,51.63,142.49,1.00,-1,-1
171,11,385.87,111.88,48.57,146.27,1.00,-1,-1
171,12,117.23,105.75,73.64,172.82,1.00,-1,-1
172,1,189.49,93.54,49.22,154.76,1.00,-1,-1
172,2,253.55,85.49,54.40,162.63,1.00,-1,-1
172,8,426.76,105.64,52.44,155.29,1.00,-1,-1
172,10,329.41,107.99,50.77,142.01,1.00,-1,-1
172,11,383.06,113.23,47.93,144.38,1.00,-1,-1
172,12,119.47,99.25,75.04,178.70,1.00,-1,-1
173,1,188.94,92.63,49.48,156.09,1.00,-1,-1
173,2,253.67,86.58,53.33,161.27,1.00,-1,-1
173,8,425.43,106.00,53.26,156.41,1.00,-1,-1
173,10,331.10,108.14,50.08,141.58,1.00,-1,-1
173,11,381.45,113.81,47.54,143.61,1.00,-1,-1
173,12,126.58,104.12,71.64,173.66,1.00,-1,-1
174,1,189.01,92.55,49.28,155.87,1.00,-1,-1
174,2,253.87,88.35,51.98,159.11,1.00,-1,-1
174,8,423.48,107.71,53.27,155.48,1.00,-1,-1
174,10,326.51,112.31,47.65,135.33,1.00,-1,-1
174,11,378.84,114.12,47.10,143.26,1.00,-1,-1
175,1,189.07,94.67,48.80,154.80,1.00,-1,-1
175,2,253.49,87.90,51.37,159.27,1.00,-1,-1
175,8,423.64,107.08,53.75,155.98,1.00,-1,-1
175,10,324.77,111.44,48.05,136.53,1.00,-1,-1
175,11,376.93,114.26,46.65,142.88,1.00,-1,-1
175,12,132.52,107.06,69.70,171.86,1.00,-1,-1
176,1,188.17,96.35,48.74,155.10,1.00,-1,-1
176,2,253.17,87.29,50.94,159.98,1.00,-1,-1
176,8,422.76,107.60,53.70,155.51,1.00,-1,-1
176,10,322.38,109.00,49.32,140.27,1.00,-1,-1
176,11,375.80,115.88,45.71,140.88,1.00,-1,-1
176,12,136.85,111.70,67.22,168.33,1.00,-1,-1
177,1,187.55,97.79,48.77,156.27,1.00,-1,-1
177,2,253.24,89.11,49.72,158.14,1.00,-1,-1
177,8,423.57,109.99,53.10,153.16,1.00,-1,-1
177,10,320.29,110.59,49.41,139.74,1.00,-1,-1
177,11,374.28,116.97,45.54,139.99,1.00,-1,-1
177,12,142.04,109.42,66.39,169.45,1.00,-1,-1
178,1,185.35,96.79,50.84,164.67,1.00,-1,-1
178,2,253.72,90.14,48.74,157.02,1.00,-1,-1
178,8,424.63,112.33,52.16,150.01,1.00,-1,-1
178,10,317.75,113.91,48.51,137.13,1.00,-1,-1
178,11,373.10,117.10,45.58,140.29,1.00,-1,-1
178,12,146.64,109.87,65.99,169.06,1.00,-1,-1
179,1,183.19,99.49,50.52,163.89,1.00,-1,-1
179,2,254.07,89.86,48.09,156.63,1.00,-1,-1
179,8,423.96,111.96,52.11,149.43,1.00,-1,-1
179,10,315.57,114.56,47.62,135.44,1.00,-1,-1
179,11,370.71,118.28,45.38,139.12,1.00,-1,-1
179,12,150.74,115.57,63.89,162.24,1.00,-1,-1
