3,1,401.92,152.94,104.30,202.12,1.00,-1,-1
3,2,494.75,143.58,80.87,190.60,1.00,-1,-1
4,1,420.11,150.43,106.01,208.94,1.00,-1,-1
4,2,507.74,140.95,83.38,197.90,1.00,-1,-1
5,1,437.95,149.91,106.71,213.53,1.00,-1,-1
5,2,517.68,141.28,83.60,198.72,1.00,-1,-1
6,1,448.59,148.10,106.33,214.53,1.00,-1,-1
6,2,526.94,145.84,83.92,199.32,1.00,-1,-1
7,1,458.46,149.83,104.24,212.19,1.00,-1,-1
7,2,538.20,146.52,84.26,202.36,1.00,-1,-1
8,1,475.17,153.46,103.37,211.92,1.00,-1,-1
8,2,548.14,145.12,83.16,203.86,1.00,-1,-1
9,1,490.24,151.68,102.00,215.29,1.00,-1,-1
9,2,563.57,142.12,83.16,208.78,1.00,-1,-1
10,1,505.49,149.90,100.51,217.61,1.00,-1,-1
10,2,572.55,142.22,83.62,211.07,1.00,-1,-1
11,1,523.33,150.59,99.67,216.43,1.00,-1,-1
11,2,592.40,145.39,83.56,209.60,1.00,-1,-1
12,1,535.48,152.87,100.26,215.29,1.00,-1,-1
12,2,607.97,145.52,84.47,214.17,1.00,-1,-1
12,3,497.74,143.93,22.67,58.08,1.00,-1,-1
12,4,249.13,141.78,56.63,170.56,1.00,-1,-1
13,1,543.18,151.55,100.81,215.99,1.00,-1,-1
13,2,618.25,145.32,82.98,214.91,1.00,-1,-1
13,3,498.93,143.66,22.80,58.49,1.00,-1,-1
13,4,254.33,145.56,58.04,173.01,1.00,-1,-1
14,1,558.66,151.98,98.99,216.73,1.00,-1,-1
14,2,627.88,144.13,81.15,215.33,1.00,-1,-1
14,3,499.18,143.92,23.79,60.63,1.00,-1,-1
14,4,266.34,144.94,60.19,175.93,1.00,-1,-1
15,1,578.50,149.33,96.80,218.38,1.00,-1,-1
15,2,641.19,142.73,81.68,220.37,1.00,-1,-1
15,3,501.11,143.26,23.01,58.89,1.00,-1,-1
15,4,277.64,147.14,61.78,176.75,1.00,-1,-1
16,1,588.04,149.93,96.20,218.52,1.00,-1,-1
16,2,655.20,144.08,81.81,222.32,1.00,-1,-1
16,3,507.24,142.33,23.90,61.70,1.00,-1,-1
16,4,254.01,138.69,66.03,189.02,1.00,-1,-1
17,1,600.34,151.67,98.16,218.01,1.00,-1,-1
17,2,670.10,147.56,81.23,220.54,1.00,-1,-1
17,3,507.11,141.81,24.94,64.77,1.00,-1,-1
17,4,250.95,151.26,61.07,174.10,1.00,-1,-1
18,1,604.88,152.45,98.85,217.68,1.00,-1,-1
18,2,680.86,149.42,80.09,218.69,1.00,-1,-1
18,3,508.70,141.97,25.25,66.25,1.00,-1,-1
18,4,249.15,137.54,65.75,189.80,1.00,-1,-1
18,8,543.20,142.84,21.75,55.90,1.00,-1,-1
18,10,321.60,142.92,64.45,178.05,1.00,-1,-1
19,1,621.99,153.05,98.18,216.65,1.00,-1,-1
19,2,694.67,145.57,79.89,222.23,1.00,-1,-1
19,3,508.70,140.81,25.75,68.13,1.00,-1,-1
19,4,256.04,147.50,63.92,185.57,1.00,-1,-1
19,8,543.92,144.25,20.79,53.01,1.00,-1,-1
19,10,334.23,136.00,68.82,186.84,1.00,-1,-1
20,1,644.43,150.32,96.94,218.63,1.00,-1,-1
20,2,707.30,142.77,78.77,224.54,1.00,-1,-1
20,3,508.00,140.38,26.36,69.68,1.00,-1,-1
20,4,267.75,135.19,68.67,200.47,1.00,-1,-1
20,8,542.23,143.45,20.87,52.76,1.00,-1,-1
20,10,343.42,140.38,69.56,185.53,1.00,-1,-1
20,11,1138.36,149.09,42.30,219.51,1.00,-1,-1
21,1,663.49,149.55,95.86,219.50,1.00,-1,-1
21,2,724.27,141.54,78.68,224.64,1.00,-1,-1
21,3,508.79,140.86,26.08,68.41,1.00,-1,-1
21,4,274.33,133.16,71.14,205.18,1.00,-1,-1
21,8,542.10,143.10,21.19,53.65,1.00,-1,-1
21,10,355.64,141.75,67.11,179.57,1.00,-1,-1
21,11,1104.16,145.60,44.46,223.54,1.00,-1,-1
22,1,683.05,150.75,95.84,218.26,1.00,-1,-1
22,2,741.19,141.38,79.13,225.89,1.00,-1,-1
22,3,512.28,141.03,25.70,67.87,1.00,-1,-1
22,4,286.65,140.16,67.76,196.26,1.00,-1,-1
22,8,541.47,142.05,21.83,55.45,1.00,-1,-1
22,10,366.57,142.42,66.83,179.36,1.00,-1,-1
22,11,1062.61,149.00,47.89,220.94,1.00,-1,-1
23,1,695.54,151.07,97.35,217.88,1.00,-1,-1
23,2,760.25,143.07,79.93,225.57,1.00,-1,-1
23,3,513.76,140.75,26.04,69.31,1.00,-1,-1
23,4,294.14,136.81,69.31,200.63,1.00,-1,-1
23,8,541.50,141.86,22.08,56.17,1.00,-1,-1
23,10,381.10,142.24,67.33,182.48,1.00,-1,-1
23,11,1026.31,153.77,51.79,216.41,1.00,-1,-1
23,12,443.54,142.57,23.82,55.12,1.00,-1,-1
24,1,703.57,151.47,99.46,218.08,1.00,-1,-1
24,2,775.08,144.85,78.80,223.49,1.00,-1,-1
24,3,513.97,139.32,26.76,72.00,1.00,-1,-1
24,4,307.80,132.66,72.65,209.48,1.00,-1,-1
24,8,542.25,143.89,21.26,54.24,1.00,-1,-1
24,10,400.31,146.26,68.21,181.85,1.00,-1,-1
24,11,988.44,154.66,55.80,215.56,1.00,-1,-1
25,1,717.78,149.09,98.96,219.99,1.00,-1,-1
25,2,788.52,142.20,78.16,226.15,1.00,-1,-1
25,3,517.23,140.50,25.52,68.94,1.00,-1,-1
25,4,319.71,130.93,72.70,208.76,1.00,-1,-1
25,8,542.26,144.90,21.05,54.02,1.00,-1,-1
25,10,407.38,148.36,70.31,182.04,1.00,-1,-1
25,11,959.46,151.55,58.70,218.67,1.00,-1,-1
26,1,742.76,146.16,98.55,221.87,1.00,-1,-1
26,2,805.99,140.10,76.58,224.83,1.00,-1,-1
26,3,518.17,141.63,25.56,68.74,1.00,-1,-1
26,4,332.75,127.27,75.98,214.72,1.00,-1,-1
26,8,542.10,144.65,21.44,55.48,1.00,-1,-1
26,10,420.26,154.71,70.25,178.00,1.00,-1,-1
26,11,934.97,151.77,60.27,217.79,1.00,-1,-1
27,1,756.34,144.12,100.81,224.20,1.00,-1,-1
27,2,825.03,137.55,79.56,230.22,1.00,-1,-1
27,3,520.64,142.38,25.56,68.99,1.00,-1,-1
27,4,341.86,130.55,77.78,215.27,1.00,-1,-1
27,8,541.97,144.32,21.28,55.59,1.00,-1,-1
27,10,432.91,148.33,72.10,183.37,1.00,-1,-1
27,11,906.23,155.44,64.85,214.29,1.00,-1,-1
28,1,762.49,146.82,101.40,222.37,1.00,-1,-1
28,2,838.51,142.09,77.69,226.51,1.00,-1,-1
28,3,523.23,143.19,26.22,70.46,1.00,-1,-1
28,4,352.89,134.59,76.00,209.77,1.00,-1,-1
28,10,446.66,149.98,71.47,182.31,1.00,-1,-1
28,11,890.03,153.95,70.09,214.77,1.00,-1,-1
29,1,775.27,150.19,101.19,219.60,1.00,-1,-1
29,2,861.46,147.00,78.14,221.89,1.00,-1,-1
29,3,526.07,142.07,26.65,72.03,1.00,-1,-1
29,4,364.31,130.99,77.07,216.35,1.00,-1,-1
29,10,467.88,148.28,74.78,186.71,1.00,-1,-1
29,11,880.04,150.33,57.51,164.02,1.00,-1,-1
30,1,802.91,150.65,100.76,218.11,1.00,-1,-1
30,2,884.53,147.07,78.66,220.75,1.00,-1,-1
30,3,526.88,139.66,27.53,73.55,1.00,-1,-1
30,4,375.18,130.25,78.08,223.07,1.00,-1,-1
30,10,475.64,148.31,78.71,191.40,1.00,-1,-1
31,1,825.56,150.35,97.44,216.35,1.00,-1,-1
31,2,901.32,144.97,79.97,223.08,1.00,-1,-1
31,4,388.84,129.54,80.75,227.88,1.00,-1,-1
31,8,542.69,141.08,22.56,59.56,1.00,-1,-1
31,10,481.96,146.38,80.63,195.23,1.00,-1,-1
31,20,583.99,146.58,17.35,55.34,1.00,-1,-1
32,1,851.52,148.23,100.40,220.62,1.00,-1,-1
32,2,918.62,141.25,80.25,225.20,1.00,-1,-1
32,4,399.27,132.91,83.51,230.69,1.00,-1,-1
32,10,496.56,145.98,78.47,194.80,1.00,-1,-1
33,1,872.56,148.68,101.51,220.20,1.00,-1,-1
33,2,938.51,139.12,80.95,227.86,1.00,-1,-1
33,4,407.24,132.88,82.72,230.09,1.00,-1,-1
33,10,513.02,144.48,80.15,204.14,1.00,-1,-1
33,11,761.04,160.67,70.80,193.35,1.00,-1,-1
34,1,893.29,149.96,102.51,219.70,1.00,-1,-1
34,2,962.48,138.93,81.22,228.70,1.00,-1,-1
34,4,421.14,132.02,81.66,229.26,1.00,-1,-1
34,10,531.25,146.70,80.61,205.51,1.00,-1,-1
34,11,735.82,160.66,69.89,194.77,1.00,-1,-1
35,1,928.90,149.00,106.09,219.80,1.00,-1,-1
35,2,990.56,141.96,80.51,226.14,1.00,-1,-1
35,4,438.98,127.33,83.44,235.11,1.00,-1,-1
35,10,544.45,148.96,82.57,207.29,1.00,-1,-1
35,11,710.78,160.64,72.80,195.05,1.00,-1,-1
36,1,943.57,150.61,104.34,218.63,1.00,-1,-1
36,2,1012.36,142.30,80.33,225.58,1.00,-1,-1
36,4,454.26,131.17,81.85,232.43,1.00,-1,-1
36,8,541.71,142.72,28.37,75.68,1.00,-1,-1
36,10,556.27,150.95,84.44,208.83,1.00,-1,-1
36,11,691.96,162.22,77.09,192.12,1.00,-1,-1
37,1,976.53,144.19,109.43,222.29,1.00,-1,-1
37,2,1038.89,140.08,80.17,229.04,1.00,-1,-1
37,4,469.01,137.10,82.25,227.73,1.00,-1,-1
37,8,541.69,143.90,28.90,77.32,1.00,-1,-1
37,10,574.03,149.90,83.83,209.02,1.00,-1,-1
37,11,675.91,162.36,78.12,188.48,1.00,-1,-1
38,1,1004.22,138.61,115.40,228.28,1.00,-1,-1
38,4,478.42,138.80,84.32,228.28,1.00,-1,-1
38,10,587.59,147.67,83.57,212.11,1.00,-1,-1
38,11,649.00,161.15,76.94,188.77,1.00,-1,-1
39,1,1031.78,142.98,117.45,225.04,1.00,-1,-1
39,2,1106.02,135.93,70.08,199.15,1.00,-1,-1
39,4,492.90,133.96,85.87,232.84,1.00,-1,-1
39,10,604.38,148.72,82.77,210.59,1.00,-1,-1
39,11,633.20,159.08,77.69,197.48,1.00,-1,-1
39,12,484.35,145.10,17.22,40.23,1.00,-1,-1
40,1,1059.76,137.62,122.85,229.80,1.00,-1,-1
40,4,514.83,131.15,86.60,236.78,1.00,-1,-1
40,10,613.37,149.64,88.09,216.27,1.00,-1,-1
41,1,1087.81,144.10,121.80,222.83,1.00,-1,-1
41,4,527.79,129.87,85.75,239.26,1.00,-1,-1
41,8,527.78,140.25,24.96,68.25,1.00,-1,-1
41,10,621.58,149.73,89.09,216.92,1.00,-1,-1
41,11,584.10,160.32,74.54,194.37,1.00,-1,-1
42,1,1107.23,144.95,120.71,221.31,1.00,-1,-1
42,4,549.89,133.87,84.59,236.36,1.00,-1,-1
42,8,526.38,139.80,24.66,68.04,1.00,-1,-1
42,10,633.18,145.45,89.30,221.38,1.00,-1,-1
42,12,489.25,141.93,19.35,45.01,1.00,-1,-1
43,1,1124.85,145.79,117.56,221.28,1.00,-1,-1
43,4,565.64,134.70,82.81,235.88,1.00,-1,-1
43,8,527.14,140.47,23.51,65.55,1.00,-1,-1
43,10,653.59,142.99,89.07,226.17,1.00,-1,-1
43,11,549.38,141.70,88.28,224.94,1.00,-1,-1
43,12,486.20,140.83,19.21,45.86,1.00,-1,-1
44,2,1158.52,189.39,63.15,173.83,1.00,-1,-1
44,4,572.26,132.36,84.03,238.30,1.00,-1,-1
44,8,525.83,138.60,23.83,67.50,1.00,-1,-1
44,10,675.21,143.80,89.10,226.61,1.00,-1,-1
44,11,536.56,133.74,95.37,232.15,1.00,-1,-1
45,2,1178.89,247.48,42.51,107.81,1.00,-1,-1
45,4,591.26,127.55,84.41,241.73,1.00,-1,-1
45,10,692.13,146.55,89.67,224.19,1.00,-1,-1
45,20,563.90,145.60,24.82,76.28,1.00,-1,-1
46,3,603.64,148.77,21.99,60.98,1.00,-1,-1
46,4,615.76,125.52,83.96,240.30,1.00,-1,-1
46,10,703.84,146.36,92.48,224.36,1.00,-1,-1
46,11,499.88,148.78,80.10,195.86,1.00,-1,-1
46,20,562.65,144.22,27.47,83.14,1.00,-1,-1
47,3,605.53,149.15,21.59,60.95,1.00,-1,-1
47,4,631.10,124.20,85.47,244.34,1.00,-1,-1
47,8,524.60,137.30,26.05,74.05,1.00,-1,-1
47,10,722.32,144.40,93.69,225.64,1.00,-1,-1
47,11,478.43,157.54,68.99,177.46,1.00,-1,-1
47,20,563.83,146.00,27.52,81.82,1.00,-1,-1
48,3,607.38,148.85,21.59,62.14,1.00,-1,-1
48,4,643.90,126.76,87.71,242.55,1.00,-1,-1
48,8,525.32,136.85,26.54,76.20,1.00,-1,-1
48,10,739.49,140.58,93.84,229.24,1.00,-1,-1
48,11,453.25,160.23,68.90,173.47,1.00,-1,-1
48,20,570.23,147.55,27.25,81.29,1.00,-1,-1
49,3,608.59,149.77,21.47,62.07,1.00,-1,-1
49,4,658.07,125.19,91.76,244.71,1.00,-1,-1
49,8,526.21,136.54,26.53,76.94,1.00,-1,-1
49,10,754.57,139.40,93.05,230.08,1.00,-1,-1
49,11,431.22,158.08,74.35,177.42,1.00,-1,-1
49,20,573.53,147.46,27.17,81.37,1.00,-1,-1
50,3,610.65,149.75,20.87,60.98,1.00,-1,-1
50,4,676.34,124.11,93.27,245.83,1.00,-1,-1
50,8,526.73,133.63,27.66,80.45,1.00,-1,-1
50,10,773.16,140.25,94.32,228.90,1.00,-1,-1
50,11,416.99,163.18,72.03,170.12,1.00,-1,-1
50,20,575.37,146.09,28.13,85.00,1.00,-1,-1
51,3,613.78,151.22,20.30,59.87,1.00,-1,-1
51,4,702.02,121.85,93.77,247.06,1.00,-1,-1
51,8,527.27,134.49,27.42,80.26,1.00,-1,-1
51,10,788.92,142.26,95.14,227.75,1.00,-1,-1
51,11,398.57,160.78,67.61,162.98,1.00,-1,-1
51,12,471.50,142.16,19.40,46.94,1.00,-1,-1
51,20,580.72,146.66,24.60,73.42,1.00,-1,-1
51,27,561.59,146.52,18.20,63.89,1.00,-1,-1
52,3,619.21,154.23,18.24,53.08,1.00,-1,-1
52,4,715.25,121.78,92.84,246.74,1.00,-1,-1
52,8,528.43,134.61,27.19,80.57,1.00,-1,-1
52,10,803.75,142.56,95.58,226.87,1.00,-1,-1
52,11,376.73,159.86,68.87,167.61,1.00,-1,-1
52,20,588.60,147.54,22.43,66.20,1.00,-1,-1
52,27,562.11,148.22,18.18,63.17,1.00,-1,-1
53,3,617.17,150.01,20.79,60.33,1.00,-1,-1
53,4,725.22,124.12,93.45,244.84,1.00,-1,-1
53,8,529.94,135.77,26.18,77.83,1.00,-1,-1
53,10,826.45,139.76,95.41,229.20,1.00,-1,-1
53,11,356.56,154.80,74.38,174.34,1.00,-1,-1
53,20,589.90,146.09,24.79,72.28,1.00,-1,-1
53,27,562.35,147.81,18.82,64.76,1.00,-1,-1
53,28,584.47,145.36,27.71,81.04,1.00,-1,-1
54,3,619.01,147.56,21.57,63.07,1.00,-1,-1
54,4,741.30,126.69,94.26,240.14,1.00,-1,-1
54,8,530.77,135.81,25.48,75.84,1.00,-1,-1
54,10,857.47,138.01,94.79,231.36,1.00,-1,-1
54,11,342.60,154.34,77.64,175.98,1.00,-1,-1
54,20,592.26,145.93,25.31,73.77,1.00,-1,-1
54,27,562.30,147.35,19.78,66.81,1.00,-1,-1
55,3,619.90,146.51,22.49,66.14,1.00,-1,-1
55,4,761.35,122.24,98.18,245.31,1.00,-1,-1
55,8,530.02,134.25,26.99,80.99,1.00,-1,-1
55,10,885.44,139.72,96.85,229.50,1.00,-1,-1
55,11,327.79,156.63,72.30,169.19,1.00,-1,-1
55,20,592.02,145.06,28.21,82.83,1.00,-1,-1
55,27,563.04,146.43,20.55,68.68,1.00,-1,-1
56,3,620.92,146.60,22.53,66.65,1.00,-1,-1
56,4,784.51,116.52,102.25,251.47,1.00,-1,-1
56,8,531.17,136.31,26.39,80.33,1.00,-1,-1
56,10,909.72,141.59,102.01,228.31,1.00,-1,-1
56,11,310.72,157.17,70.32,168.49,1.00,-1,-1
56,12,461.80,143.41,16.81,42.36,1.00,-1,-1
56,20,592.77,144.45,29.94,88.24,1.00,-1,-1
56,27,562.49,145.98,21.23,70.14,1.00,-1,-1
57,3,623.30,148.79,21.89,65.20,1.00,-1,-1
57,4,815.78,110.43,105.89,258.77,1.00,-1,-1
57,8,532.23,135.29,26.61,81.23,1.00,-1,-1
57,10,935.53,142.02,106.69,228.12,1.00,-1,-1
57,11,294.73,153.58,70.64,170.17,1.00,-1,-1
57,20,599.47,146.06,26.85,79.38,1.00,-1,-1
57,27,563.91,147.20,21.16,68.89,1.00,-1,-1
57,28,593.36,147.47,29.61,86.17,1.00,-1,-1
58,3,626.86,149.81,21.04,63.18,1.00,-1,-1
58,4,841.93,110.80,105.76,257.74,1.00,-1,-1
58,8,533.75,133.37,27.93,84.59,1.00,-1,-1
58,10,968.46,139.62,107.79,230.24,1.00,-1,-1
58,11,277.57,149.96,73.03,173.46,1.00,-1,-1
58,12,459.08,142.85,17.57,45.09,1.00,-1,-1
58,20,603.08,145.78,26.38,77.08,1.00,-1,-1
58,27,568.28,146.24,21.81,69.97,1.00,-1,-1
59,3,628.02,150.04,20.86,63.16,1.00,-1,-1
59,4,865.60,115.02,105.74,252.07,1.00,-1,-1
59,8,535.49,133.83,28.29,85.92,1.00,-1,-1
59,10,992.44,135.01,108.78,234.09,1.00,-1,-1
59,11,260.13,150.45,69.96,169.05,1.00,-1,-1
59,12,458.67,143.02,18.17,45.81,1.00,-1,-1
59,20,603.94,144.09,28.73,83.47,1.00,-1,-1
59,27,569.09,144.85,23.14,73.49,1.00,-1,-1
60,4,904.04,114.84,106.69,251.81,1.00,-1,-1
60,8,537.82,133.47,27.90,85.41,1.00,-1,-1
60,10,1019.66,134.44,109.47,234.87,1.00,-1,-1
60,11,248.22,154.55,65.81,162.57,1.00,-1,-1
60,20,606.29,142.80,31.21,91.10,1.00,-1,-1
60,27,570.22,144.72,23.15,72.07,1.00,-1,-1
61,3,624.15,146.76,25.41,73.97,1.00,-1,-1
61,4,935.63,110.99,108.78,253.94,1.00,-1,-1
61,8,539.43,132.83,28.10,86.58,1.00,-1,-1
61,10,1047.71,136.77,108.65,231.46,1.00,-1,-1
61,11,239.80,156.44,64.99,160.47,1.00,-1,-1
61,12,459.11,143.36,20.36,48.82,1.00,-1,-1
61,20,612.54,143.92,29.50,81.97,1.00,-1,-1
61,27,571.12,146.06,23.44,71.21,1.00,-1,-1
62,4,960.89,104.65,112.78,259.93,1.00,-1,-1
62,8,540.40,132.60,28.31,87.01,1.00,-1,-1
62,10,1083.00,138.51,108.45,230.09,1.00,-1,-1
62,12,457.95,143.11,21.04,48.85,1.00,-1,-1
62,20,615.50,144.46,33.25,89.89,1.00,-1,-1
62,27,570.75,146.84,24.09,71.85,1.00,-1,-1
63,3,624.41,147.04,27.89,75.20,1.00,-1,-1
63,4,980.45,104.93,115.59,260.43,1.00,-1,-1
63,8,541.83,135.06,28.22,86.06,1.00,-1,-1
63,10,1116.49,133.57,109.28,235.18,1.00,-1,-1
63,12,455.50,142.25,21.61,49.08,1.00,-1,-1
63,20,617.30,145.06,36.57,98.10,1.00,-1,-1
63,27,572.13,147.42,24.25,71.84,1.00,-1,-1
64,4,1003.15,106.21,119.37,260.40,1.00,-1,-1
64,8,543.29,135.63,27.99,85.17,1.00,-1,-1
64,10,1142.24,130.16,105.47,237.51,1.00,-1,-1
64,12,451.42,141.71,23.65,53.62,1.00,-1,-1
64,20,620.25,145.37,37.03,98.55,1.00,-1,-1
64,27,572.57,147.03,24.99,73.47,1.00,-1,-1
65,4,1033.94,109.62,122.08,256.52,1.00,-1,-1
65,8,543.44,134.98,28.92,87.76,1.00,-1,-1
65,12,449.12,141.58,23.80,54.65,1.00,-1,-1
65,20,624.04,145.07,37.81,100.47,1.00,-1,-1
65,27,573.50,145.91,25.77,75.75,1.00,-1,-1
66,4,1082.83,105.04,124.75,261.94,1.00,-1,-1
66,8,543.94,133.30,29.32,89.24,1.00,-1,-1
66,20,628.87,144.37,39.18,104.42,1.00,-1,-1
66,27,574.78,145.22,26.39,76.72,1.00,-1,-1
67,4,1119.03,103.22,121.45,264.24,1.00,-1,-1
67,8,545.50,134.15,28.58,88.58,1.00,-1,-1
67,12,443.01,142.98,24.34,55.35,1.00,-1,-1
67,20,633.39,145.67,38.74,102.40,1.00,-1,-1
67,27,577.08,145.56,26.47,76.55,1.00,-1,-1
68,8,546.39,134.59,28.02,87.67,1.00,-1,-1
68,12,439.35,143.65,25.14,56.35,1.00,-1,-1
68,20,635.68,145.17,40.65,107.75,1.00,-1,-1
68,27,582.58,145.97,27.16,77.14,1.00,-1,-1
68,28,580.50,147.28,27.34,77.34,1.00,-1,-1
69,8,547.44,135.56,27.89,87.82,1.00,-1,-1
69,12,436.86,140.88,26.25,59.64,1.00,-1,-1
69,20,640.29,143.71,41.55,110.92,1.00,-1,-1
69,27,583.89,145.01,27.97,78.59,1.00,-1,-1
70,8,548.34,135.77,28.36,89.46,1.00,-1,-1
70,20,645.20,142.78,41.85,112.60,1.00,-1,-1
70,27,585.03,144.67,27.50,77.53,1.00,-1,-1
71,8,549.92,135.18,28.58,89.75,1.00,-1,-1
71,20,651.03,143.46,42.36,113.85,1.00,-1,-1
71,27,586.48,144.84,28.20,79.18,1.00,-1,-1
72,8,548.97,133.83,29.76,93.09,1.00,-1,-1
72,20,655.50,144.54,43.16,114.49,1.00,-1,-1
72,27,590.04,145.94,28.22,78.39,1.00,-1,-1
73,3,658.67,146.54,44.10,115.24,1.00,-1,-1
73,8,549.90,133.82,30.08,94.40,1.00,-1,-1
73,12,430.07,142.84,23.22,52.77,1.00,-1,-1
73,20,664.95,146.26,43.54,116.87,1.00,-1,-1
73,27,592.56,146.16,29.15,80.14,1.00,-1,-1
74,3,668.35,146.39,44.68,118.28,1.00,-1,-1
74,8,550.35,133.69,30.45,95.14,1.00,-1,-1
74,20,675.18,147.31,39.19,105.69,1.00,-1,-1
74,27,595.92,146.57,29.52,80.33,1.00,-1,-1
75,8,551.30,133.96,30.63,95.83,1.00,-1,-1
75,20,681.05,146.77,39.32,107.52,1.00,-1,-1
75,27,598.10,145.84,29.94,80.90,1.00,-1,-1
76,8,551.00,133.52,31.05,96.59,1.00,-1,-1
76,20,684.49,146.64,43.14,116.57,1.00,-1,-1
76,27,601.05,146.01,30.36,81.36,1.00,-1,-1
77,8,551.44,132.47,32.03,99.20,1.00,-1,-1
77,20,687.98,148.22,45.67,121.42,1.00,-1,-1
77,27,603.94,145.75,30.81,81.30,1.00,-1,-1
78,8,553.96,132.39,32.25,100.48,1.00,-1,-1
78,12,422.48,138.12,23.35,53.85,1.00,-1,-1
78,20,689.56,148.05,47.57,124.52,1.00,-1,-1
78,27,607.51,146.58,31.35,81.56,1.00,-1,-1
78,38,670.44,150.05,22.97,78.34,1.00,-1,-1
79,8,555.82,132.82,31.88,100.03,1.00,-1,-1
79,12,421.61,137.88,23.12,54.09,1.00,-1,-1
79,20,696.74,145.35,48.87,128.76,1.00,-1,-1
79,27,609.35,145.94,32.59,83.64,1.00,-1,-1
79,38,672.87,151.39,22.73,76.77,1.00,-1,-1
80,8,556.82,132.89,32.01,101.02,1.00,-1,-1
80,12,420.41,137.38,22.89,53.96,1.00,-1,-1
80,20,706.48,144.19,47.88,127.28,1.00,-1,-1
80,27,610.10,145.09,33.27,84.35,1.00,-1,-1
80,38,674.75,151.69,23.11,76.94,1.00,-1,-1
81,8,558.02,131.79,32.45,102.06,1.00,-1,-1
81,12,420.14,138.15,21.78,50.48,1.00,-1,-1
81,20,712.48,146.00,49.38,131.51,1.00,-1,-1
81,27,612.66,145.05,33.89,85.21,1.00,-1,-1
81,38,678.46,152.62,24.00,77.86,1.00,-1,-1
82,8,559.66,131.50,32.46,101.08,1.00,-1,-1
82,12,416.44,138.10,21.74,50.42,1.00,-1,-1
82,20,718.25,147.40,51.54,136.42,1.00,-1,-1
82,27,614.79,145.37,34.60,86.67,1.00,-1,-1
82,38,679.47,151.81,24.77,78.71,1.00,-1,-1
83,8,561.20,130.15,33.32,103.26,1.00,-1,-1
83,12,415.53,138.03,21.53,50.53,1.00,-1,-1
83,20,724.84,147.84,52.52,139.53,1.00,-1,-1
83,27,617.36,145.40,35.39,88.39,1.00,-1,-1
83,38,680.41,151.80,25.40,79.53,1.00,-1,-1
84,8,560.21,129.10,35.05,107.00,1.00,-1,-1
84,20,732.42,145.59,53.75,143.99,1.00,-1,-1
84,27,620.50,145.02,36.37,90.69,1.00,-1,-1
84,38,682.15,152.80,26.18,80.25,1.00,-1,-1
85,8,559.74,128.55,37.22,111.52,1.00,-1,-1
85,12,411.09,139.11,22.06,52.39,1.00,-1,-1
85,20,742.37,145.34,53.43,144.61,1.00,-1,-1
85,27,623.17,145.42,36.40,91.04,1.00,-1,-1
85,38,684.36,151.31,27.37,82.36,1.00,-1,-1
86,8,563.21,128.53,37.63,113.21,1.00,-1,-1
86,12,409.71,137.21,22.09,52.66,1.00,-1,-1
86,20,751.44,147.20,54.80,146.36,1.00,-1,-1
86,27,625.26,145.54,36.08,90.61,1.00,-1,-1
86,28,480.25,143.22,14.71,39.10,1.00,-1,-1
86,38,685.79,151.73,28.53,83.93,1.00,-1,-1
87,8,564.92,126.73,39.29,118.04,1.00,-1,-1
87,12,408.69,137.07,22.66,52.87,1.00,-1,-1
87,20,755.66,149.20,56.48,149.35,1.00,-1,-1
87,27,627.56,146.48,36.65,92.06,1.00,-1,-1
87,38,687.53,149.85,30.11,86.70,1.00,-1,-1
88,8,568.54,126.75,39.30,118.33,1.00,-1,-1
88,12,407.56,138.34,22.32,50.65,1.00,-1,-1
88,20,761.00,148.88,58.00,153.72,1.00,-1,-1
88,27,630.47,145.77,38.51,95.27,1.00,-1,-1
88,28,474.57,142.58,15.11,39.03,1.00,-1,-1
88,38,693.43,149.84,30.10,85.09,1.00,-1,-1
89,8,571.62,126.84,39.17,118.87,1.00,-1,-1
89,20,771.96,146.49,57.93,156.64,1.00,-1,-1
89,27,631.43,144.98,39.54,96.82,1.00,-1,-1
89,28,472.89,143.75,14.15,36.19,1.00,-1,-1
89,38,697.50,151.38,31.59,87.06,1.00,-1,-1
90,8,575.62,130.39,39.19,119.05,1.00,-1,-1
90,20,781.60,146.47,58.48,160.66,1.00,-1,-1
90,27,632.17,144.53,40.58,99.04,1.00,-1,-1
90,38,702.22,152.49,32.32,86.90,1.00,-1,-1
91,8,578.68,131.72,39.05,118.67,1.00,-1,-1
91,20,790.88,147.80,60.01,162.86,1.00,-1,-1
91,27,634.70,144.34,40.07,97.34,1.00,-1,-1
91,38,704.97,153.15,32.82,86.93,1.00,-1,-1
92,8,581.45,132.30,39.16,119.20,1.00,-1,-1
92,20,799.06,150.07,62.75,168.51,1.00,-1,-1
92,27,634.74,145.61,40.78,99.15,1.00,-1,-1
92,38,707.84,152.54,33.41,88.19,1.00,-1,-1
93,8,585.01,132.11,39.44,120.47,1.00,-1,-1
93,20,809.69,150.33,63.52,171.26,1.00,-1,-1
93,27,635.16,146.41,41.22,100.70,1.00,-1,-1
93,38,711.96,152.43,33.73,89.52,1.00,-1,-1
94,8,587.27,132.28,39.41,120.84,1.00,-1,-1
94,20,825.12,147.89,63.04,171.76,1.00,-1,-1
94,27,636.09,145.67,41.23,101.57,1.00,-1,-1
94,38,715.21,152.86,34.45,91.11,1.00,-1,-1
95,8,589.53,133.96,39.70,120.55,1.00,-1,-1
95,20,839.30,147.90,64.42,176.64,1.00,-1,-1
95,27,638.40,145.31,41.48,103.46,1.00,-1,-1
95,38,717.50,153.19,34.57,91.38,1.00,-1,-1
96,8,591.35,135.27,40.33,121.48,1.00,-1,-1
96,20,853.17,150.07,68.67,179.91,1.00,-1,-1
96,27,642.09,146.64,41.62,104.17,1.00,-1,-1
96,38,721.40,153.76,34.79,91.38,1.00,-1,-1
97,8,592.61,135.13,41.46,123.16,1.00,-1,-1
97,20,860.85,152.36,74.08,187.20,1.00,-1,-1
97,27,644.94,148.76,41.45,104.19,1.00,-1,-1
97,38,726.78,152.76,35.41,92.41,1.00,-1,-1
98,8,597.57,134.78,41.58,123.91,1.00,-1,-1
98,20,868.15,151.82,76.39,192.12,1.00,-1,-1
98,27,646.52,148.59,42.50,106.89,1.00,-1,-1
98,38,731.91,152.28,36.68,94.30,1.00,-1,-1
99,8,601.61,131.66,42.81,128.81,1.00,-1,-1
99,20,886.36,148.73,75.95,195.87,1.00,-1,-1
99,27,648.75,147.10,43.00,108.47,1.00,-1,-1
99,38,736.42,152.63,37.93,95.52,1.00,-1,-1
100,8,604.91,132.48,43.36,131.22,1.00,-1,-1
100,20,903.73,148.44,78.03,205.03,1.00,-1,-1
100,27,649.77,146.97,43.84,111.31,1.00,-1,-1
100,38,741.01,153.75,39.33,97.77,1.00,-1,-1
101,8,607.74,133.33,43.87,133.16,1.00,-1,-1
101,20,922.34,151.94,81.29,206.10,1.00,-1,-1
101,27,652.09,150.21,45.09,114.16,1.00,-1,-1
101,38,746.15,152.93,39.20,96.75,1.00,-1,-1
102,8,612.03,135.51,43.40,130.78,1.00,-1,-1
102,20,936.21,152.80,86.21,211.58,1.00,-1,-1
102,27,656.72,150.34,45.12,115.48,1.00,-1,-1
102,38,748.63,152.93,39.78,97.85,1.00,-1,-1
103,8,614.14,133.45,44.59,133.83,1.00,-1,-1
103,20,951.41,150.11,88.48,218.44,1.00,-1,-1
103,27,659.49,149.29,45.82,117.07,1.00,-1,-1
103,38,753.43,154.00,40.74,99.86,1.00,-1,-1
104,8,610.01,130.05,48.13,140.28,1.00,-1,-1
104,20,975.38,146.75,88.34,222.75,1.00,-1,-1
104,27,663.28,149.48,46.16,118.96,1.00,-1,-1
104,38,759.59,154.76,41.66,101.61,1.00,-1,-1
105,8,611.28,130.97,49.97,142.52,1.00,-1,-1
105,20,995.96,146.48,91.00,224.78,1.00,-1,-1
105,27,667.49,152.49,46.38,120.05,1.00,-1,-1
105,38,761.31,153.81,42.20,103.18,1.00,-1,-1
106,8,618.22,131.88,49.77,143.02,1.00,-1,-1
106,20,1015.59,149.23,96.31,222.56,1.00,-1,-1
106,27,671.83,155.04,45.79,118.23,1.00,-1,-1
106,38,767.90,153.87,42.36,104.97,1.00,-1,-1
107,8,617.41,133.23,51.32,145.66,1.00,-1,-1
107,20,1027.87,149.89,99.93,221.95,1.00,-1,-1
107,27,676.98,153.67,46.52,120.75,1.00,-1,-1
107,38,776.53,153.89,41.11,101.75,1.00,-1,-1
107,40,607.62,131.31,47.33,149.62,1.00,-1,-1
108,20,1048.13,148.39,101.93,222.70,1.00,-1,-1
108,27,680.21,152.56,47.45,122.73,1.00,-1,-1
108,38,782.73,154.30,42.52,103.87,1.00,-1,-1
108,40,605.94,132.58,48.90,150.53,1.00,-1,-1
109,20,1079.57,143.13,100.86,226.23,1.00,-1,-1
109,27,682.08,151.07,49.70,128.45,1.00,-1,-1
109,38,788.23,155.51,44.82,108.47,1.00,-1,-1
109,40,611.95,131.20,50.21,151.91,1.00,-1,-1
110,20,1107.79,142.33,100.27,228.26,1.00,-1,-1
110,27,687.79,153.10,51.42,131.85,1.00,-1,-1
110,38,793.02,156.16,45.12,109.52,1.00,-1,-1
110,40,622.71,130.93,51.74,157.29,1.00,-1,-1
111,20,1128.14,146.14,98.02,224.09,1.00,-1,-1
111,27,691.12,154.75,52.04,132.63,1.00,-1,-1
111,38,796.87,156.19,44.66,108.37,1.00,-1,-1
111,40,629.27,135.39,51.46,157.91,1.00,-1,-1
112,20,1145.03,175.08,84.68,192.43,1.00,-1,-1
112,27,694.68,154.77,52.08,132.60,1.00,-1,-1
112,38,802.98,155.20,45.14,111.20,1.00,-1,-1
112,40,634.12,136.96,51.22,158.12,1.00,-1,-1
113,27,698.11,154.01,53.44,138.09,1.00,-1,-1
113,38,806.77,155.97,47.04,113.25,1.00,-1,-1
113,40,637.85,137.82,51.01,157.71,1.00,-1,-1
114,27,704.18,154.58,54.23,140.25,1.00,-1,-1
114,38,811.34,156.05,48.32,115.13,1.00,-1,-1
114,40,642.03,134.34,52.55,163.85,1.00,-1,-1
115,27,709.56,155.21,55.68,143.14,1.00,-1,-1
115,38,818.12,155.56,49.07,117.09,1.00,-1,-1
115,40,644.94,132.58,54.29,169.78,1.00,-1,-1
116,27,715.51,155.32,57.21,145.49,1.00,-1,-1
116,38,827.77,155.53,49.48,119.23,1.00,-1,-1
116,40,642.01,133.77,56.02,171.14,1.00,-1,-1
117,27,720.26,155.17,57.34,146.44,1.00,-1,-1
117,38,835.85,155.57,50.60,120.29,1.00,-1,-1
117,40,644.24,135.08,58.54,176.94,1.00,-1,-1
118,27,722.74,155.15,58.64,150.85,1.00,-1,-1
118,38,845.89,157.53,52.20,122.47,1.00,-1,-1
118,40,644.36,136.02,60.51,179.77,1.00,-1,-1
119,27,726.11,155.91,60.25,157.28,1.00,-1,-1
119,38,852.93,158.06,54.61,126.84,1.00,-1,-1
119,40,652.46,134.83,61.69,185.11,1.00,-1,-1
120,27,731.01,158.41,62.09,164.16,1.00,-1,-1
120,38,861.11,157.65,55.34,128.73,1.00,-1,-1
120,40,662.89,134.07,61.43,187.65,1.00,-1,-1
121,27,735.19,162.50,62.32,164.94,1.00,-1,-1
121,38,869.18,156.70,55.35,130.50,1.00,-1,-1
121,40,671.08,133.45,62.18,191.87,1.00,-1,-1
122,27,739.81,163.39,63.02,167.53,1.00,-1,-1
122,38,876.48,155.69,55.95,131.92,1.00,-1,-1
122,40,677.80,135.95,62.95,193.59,1.00,-1,-1
123,27,744.84,160.97,65.21,175.76,1.00,-1,-1
123,38,888.89,156.23,58.53,136.11,1.00,-1,-1
123,40,681.81,135.39,64.96,200.26,1.00,-1,-1
124,27,752.00,162.48,65.38,174.58,1.00,-1,-1
124,38,899.15,158.32,58.93,138.86,1.00,-1,-1
124,40,688.42,134.40,65.22,201.77,1.00,-1,-1
125,27,757.88,163.88,68.37,180.42,1.00,-1,-1
125,38,909.17,157.49,59.06,142.02,1.00,-1,-1
125,40,695.63,132.76,65.74,205.13,1.00,-1,-1
126,27,765.59,164.20,72.44,186.52,1.00,-1,-1
126,38,924.72,156.92,59.34,143.39,1.00,-1,-1
126,40,694.91,133.60,69.05,212.18,1.00,-1,-1
127,27,775.30,162.51,72.78,189.22,1.00,-1,-1
127,38,937.06,157.26,61.74,146.72,1.00,-1,-1
127,40,693.86,134.89,74.44,223.02,1.00,-1,-1
128,27,782.39,161.82,74.21,195.33,1.00,-1,-1
128,38,947.74,159.10,65.15,151.44,1.00,-1,-1
128,40,694.13,136.12,77.60,226.07,1.00,-1,-1
129,27,788.71,163.05,76.12,200.20,1.00,-1,-1
129,38,961.31,159.74,65.61,151.82,1.00,-1,-1
129,40,700.11,134.99,80.15,229.48,1.00,-1,-1
130,27,797.87,164.93,77.38,203.41,1.00,-1,-1
130,38,972.05,160.89,62.69,146.97,1.00,-1,-1
130,40,716.85,130.43,80.76,235.83,1.00,-1,-1
131,27,809.14,165.04,78.65,205.25,1.00,-1,-1
131,38,980.15,159.08,65.72,154.01,1.00,-1,-1
131,40,729.55,129.00,80.62,240.54,1.00,-1,-1
132,27,820.64,161.97,79.51,208.89,1.00,-1,-1
132,38,997.95,159.65,71.14,161.51,1.00,-1,-1
132,40,742.37,130.49,79.93,239.29,1.00,-1,-1
133,27,830.12,159.95,80.76,210.62,1.00,-1,-1
133,38,1005.63,160.63,74.85,166.25,1.00,-1,-1
133,40,752.75,132.02,79.81,237.52,1.00,-1,-1
134,27,840.51,164.07,82.51,207.28,1.00,-1,-1
134,38,1013.63,160.13,76.17,170.10,1.00,-1,-1
134,40,758.20,130.07,80.84,240.24,1.00,-1,-1
135,27,859.10,164.52,87.06,206.29,1.00,-1,-1
135,38,1035.82,159.52,72.10,163.42,1.00,-1,-1
135,40,769.37,126.30,81.38,243.50,1.00,-1,-1
136,27,873.60,162.86,90.01,208.36,1.00,-1,-1
136,38,1050.68,160.58,78.23,174.76,1.00,-1,-1
136,40,779.59,122.35,82.19,247.80,1.00,-1,-1
137,27,899.23,159.97,93.59,210.70,1.00,-1,-1
137,38,1066.97,161.85,83.69,182.11,1.00,-1,-1
137,40,782.28,121.22,84.57,248.62,1.00,-1,-1
138,27,908.01,160.98,94.09,210.01,1.00,-1,-1
138,38,1084.31,161.77,86.55,185.19,1.00,-1,-1
138,40,785.09,124.17,87.33,245.94,1.00,-1,-1
139,27,924.77,162.56,96.30,208.08,1.00,-1,-1
139,38,1099.30,161.25,85.69,183.61,1.00,-1,-1
139,40,789.34,122.09,91.95,247.97,1.00,-1,-1
140,27,943.85,163.22,99.31,206.66,1.00,-1,-1
140,38,1117.24,160.65,87.52,188.30,1.00,-1,-1
140,40,799.88,118.61,96.00,251.03,1.00,-1,-1
141,27,966.35,161.47,102.82,208.77,1.00,-1,-1
141,38,1137.52,160.93,83.95,180.21,1.00,-1,-1
141,40,821.78,112.16,97.90,256.45,1.00,-1,-1
142,27,990.64,158.69,104.89,211.85,1.00,-1,-1
142,38,1140.58,160.45,88.42,190.62,1.00,-1,-1
142,40,844.98,109.67,98.09,259.11,1.00,-1,-1
143,27,1011.95,160.17,107.07,210.45,1.00,-1,-1
143,38,1151.89,185.91,81.04,176.50,1.00,-1,-1
143,40,864.68,111.26,97.42,257.68,1.00,-1,-1
144,27,1032.75,163.12,108.35,207.47,1.00,-1,-1
144,40,890.46,113.54,99.62,255.44,1.00,-1,-1
145,27,1077.63,164.76,111.25,204.81,1.00,-1,-1
145,40,912.60,106.67,103.15,262.23,1.00,-1,-1
