3,1,443.04,89.90,86.97,238.82,1.00,-1,-1
3,2,575.92,84.37,62.69,198.44,1.00,-1,-1
3,3,355.99,81.12,82.77,250.12,1.00,-1,-1
3,4,183.28,93.23,80.73,228.21,1.00,-1,-1
3,5,84.86,101.37,64.90,218.94,1.00,-1,-1
3,6,514.15,112.79,44.99,126.20,1.00,-1,-1
4,1,445.81,88.74,87.04,239.40,1.00,-1,-1
4,2,575.10,85.81,62.32,196.62,1.00,-1,-1
4,3,359.80,82.08,82.55,248.39,1.00,-1,-1
4,4,189.69,91.77,80.69,228.68,1.00,-1,-1
4,5,76.15,103.44,65.48,218.43,1.00,-1,-1
4,6,514.07,113.74,44.36,124.64,1.00,-1,-1
4,7,181.35,96.39,35.26,93.45,1.00,-1,-1
5,1,447.87,87.22,86.55,238.94,1.00,-1,-1
5,2,573.62,87.18,62.32,195.41,1.00,-1,-1
5,3,363.07,83.76,82.34,246.39,1.00,-1,-1
5,4,196.21,91.03,80.94,229.76,1.00,-1,-1
5,5,69.72,104.28,66.49,218.34,1.00,-1,-1
5,6,512.81,113.80,44.52,125.24,1.00,-1,-1
5,8,182.32,97.17,36.03,158.51,1.00,-1,-1
6,1,448.22,87.01,85.18,236.95,1.00,-1,-1
6,2,572.69,87.92,62.44,194.22,1.00,-1,-1
6,3,366.99,84.71,82.01,243.61,1.00,-1,-1
6,4,202.89,91.57,80.61,228.78,1.00,-1,-1
6,5,64.88,105.47,67.36,216.95,1.00,-1,-1
6,6,510.67,113.34,44.81,126.12,1.00,-1,-1
6,8,182.48,96.91,36.12,158.32,1.00,-1,-1
7,1,451.93,86.19,85.06,237.61,1.00,-1,-1
7,2,571.90,88.09,62.87,193.84,1.00,-1,-1
7,3,369.72,86.14,82.12,241.46,1.00,-1,-1
7,4,209.54,93.06,79.81,226.01,1.00,-1,-1
7,5,61.38,105.09,68.65,217.56,1.00,-1,-1
7,6,510.19,113.47,45.27,128.99,1.00,-1,-1
7,8,182.96,96.66,36.33,158.08,1.00,-1,-1
8,1,456.14,85.72,84.48,237.06,1.00,-1,-1
8,2,569.14,88.42,63.49,192.89,1.00,-1,-1
8,3,372.50,86.88,82.47,240.43,1.00,-1,-1
8,4,216.24,94.79,79.22,223.20,1.00,-1,-1
8,5,57.18,103.42,69.75,219.20,1.00,-1,-1
8,8,183.32,96.75,36.78,158.61,1.00,-1,-1
9,1,460.05,85.71,83.63,235.85,1.00,-1,-1
9,2,568.23,88.53,64.32,192.61,1.00,-1,-1
9,3,374.80,86.13,83.30,241.13,1.00,-1,-1
9,4,222.93,95.98,79.03,221.63,1.00,-1,-1
9,5,52.53,102.74,69.83,219.85,1.00,-1,-1
9,8,183.72,97.17,36.84,156.89,1.00,-1,-1
10,1,463.97,85.73,83.03,235.17,1.00,-1,-1
10,2,566.27,88.25,65.37,193.61,1.00,-1,-1
10,3,376.27,84.73,84.08,241.60,1.00,-1,-1
10,4,227.71,97.20,79.28,220.73,1.00,-1,-1
10,5,45.82,101.15,70.00,221.79,1.00,-1,-1
10,8,183.20,97.40,37.02,156.08,1.00,-1,-1
11,1,469.49,86.49,82.97,235.17,1.00,-1,-1
11,2,563.29,87.74,65.75,193.57,1.00,-1,-1
11,3,378.00,83.69,83.83,239.52,1.00,-1,-1
11,4,231.08,98.06,80.04,220.56,1.00,-1,-1
11,5,38.36,99.12,69.82,224.01,1.00,-1,-1
11,8,182.66,97.26,37.47,156.48,1.00,-1,-1
12,1,473.89,87.50,83.16,234.47,1.00,-1,-1
12,2,557.82,87.73,65.35,193.32,1.00,-1,-1
12,3,379.44,83.10,83.62,238.04,1.00,-1,-1
12,4,234.37,98.35,80.35,219.68,1.00,-1,-1
12,5,31.77,97.43,69.70,226.13,1.00,-1,-1
12,8,182.46,97.42,37.83,156.51,1.00,-1,-1
13,1,475.73,88.82,83.82,233.51,1.00,-1,-1
13,2,553.90,87.84,64.92,193.08,1.00,-1,-1
13,3,381.00,81.52,84.39,239.23,1.00,-1,-1
13,4,238.25,96.90,80.66,219.93,1.00,-1,-1
13,5,26.44,97.74,68.76,225.53,1.00,-1,-1
13,8,181.99,97.42,38.33,156.86,1.00,-1,-1
14,1,480.19,90.22,83.99,231.79,1.00,-1,-1
14,2,552.85,87.65,64.55,193.00,1.00,-1,-1
14,3,383.10,80.75,84.81,239.62,1.00,-1,-1
14,4,242.30,95.81,79.89,217.94,1.00,-1,-1
14,5,20.19,98.11,68.56,225.11,1.00,-1,-1
14,6,594.98,109.64,44.56,129.85,1.00,-1,-1
14,8,181.30,97.43,38.87,157.12,1.00,-1,-1
15,1,484.43,92.31,84.21,229.67,1.00,-1,-1
15,2,552.15,87.87,63.28,190.84,1.00,-1,-1
15,3,385.49,80.59,85.00,239.22,1.00,-1,-1
15,4,245.05,94.35,79.59,217.75,1.00,-1,-1
15,5,12.62,98.00,69.29,225.57,1.00,-1,-1
15,6,599.63,109.13,44.19,130.72,1.00,-1,-1
15,8,180.88,97.60,39.21,156.79,1.00,-1,-1
16,1,485.99,93.08,84.37,228.30,1.00,-1,-1
16,2,548.75,87.89,62.45,191.13,1.00,-1,-1
16,3,388.21,80.78,85.28,239.15,1.00,-1,-1
16,4,247.95,92.81,79.54,218.45,1.00,-1,-1
16,5,6.60,98.95,70.76,226.04,1.00,-1,-1
16,6,599.85,109.01,43.87,129.91,1.00,-1,-1
16,8,180.40,97.36,39.63,156.80,1.00,-1,-1
17,1,486.60,92.74,84.55,227.90,1.00,-1,-1
17,2,546.85,88.97,61.91,191.66,1.00,-1,-1
17,3,391.37,81.50,85.24,238.32,1.00,-1,-1
17,4,250.24,92.40,79.07,218.55,1.00,-1,-1
17,5,4.52,100.92,71.59,224.43,1.00,-1,-1
17,6,599.24,108.69,44.08,130.51,1.00,-1,-1
17,8,180.22,96.77,40.04,157.01,1.00,-1,-1
18,1,486.73,91.15,85.25,229.23,1.00,-1,-1
18,2,546.93,91.83,60.16,188.58,1.00,-1,-1
18,3,395.06,82.52,85.17,237.59,1.00,-1,-1
18,4,252.31,91.03,78.50,219.37,1.00,-1,-1
18,5,3.65,101.84,72.26,222.73,1.00,-1,-1
18,6,598.27,108.40,44.36,131.06,1.00,-1,-1
18,8,179.74,96.91,40.33,156.85,1.00,-1,-1
19,1,488.89,90.14,85.07,229.48,1.00,-1,-1
19,2,546.59,92.03,59.39,188.94,1.00,-1,-1
19,3,399.53,83.53,85.34,236.29,1.00,-1,-1
19,4,256.13,91.91,77.27,217.81,1.00,-1,-1
19,5,2.94,103.00,72.84,221.32,1.00,-1,-1
19,6,596.46,107.67,44.97,132.01,1.00,-1,-1
19,8,179.24,97.13,40.68,156.85,1.00,-1,-1
20,1,490.61,89.65,84.23,229.17,1.00,-1,-1
20,2,546.60,96.72,57.23,184.64,1.00,-1,-1
20,3,403.70,84.73,85.47,235.05,1.00,-1,-1
20,4,262.41,93.21,76.44,215.11,1.00,-1,-1
20,5,1.37,102.45,73.89,222.79,1.00,-1,-1
20,6,594.92,107.60,45.59,132.49,1.00,-1,-1
20,8,179.02,96.90,41.03,157.52,1.00,-1,-1
21,1,497.63,88.87,83.25,227.83,1.00,-1,-1
21,2,548.78,101.18,54.63,179.94,1.00,-1,-1
21,3,406.44,85.69,85.77,234.23,1.00,-1,-1
21,4,267.90,95.09,76.18,213.53,1.00,-1,-1
21,5,-0.76,102.01,74.12,223.45,1.00,-1,-1
21,6,594.32,108.95,45.62,131.35,1.00,-1,-1
21,8,178.75,96.16,41.32,158.11,1.00,-1,-1
22,1,504.00,87.67,83.08,227.63,1.00,-1,-1
22,2,550.01,103.64,52.74,177.38,1.00,-1,-1
22,3,409.90,86.47,86.00,233.29,1.00,-1,-1
22,4,270.58,96.44,76.14,212.38,1.00,-1,-1
22,5,-4.91,98.59,73.71,225.59,1.00,-1,-1
22,6,594.08,109.77,45.66,130.62,1.00,-1,-1
22,8,178.67,96.17,41.41,157.98,1.00,-1,-1
23,1,507.57,86.22,83.64,228.89,1.00,-1,-1
23,3,410.60,87.17,85.60,232.17,1.00,-1,-1
23,4,271.84,97.42,75.83,211.51,1.00,-1,-1
23,5,-9.74,90.19,73.19,230.79,1.00,-1,-1
23,6,592.02,109.80,45.96,129.40,1.00,-1,-1
23,8,178.44,95.69,41.56,158.30,1.00,-1,-1
24,1,509.81,86.64,83.73,228.51,1.00,-1,-1
24,3,412.48,86.79,85.68,231.96,1.00,-1,-1
24,4,274.53,98.42,75.28,209.49,1.00,-1,-1
24,5,-16.35,78.08,73.71,244.32,1.00,-1,-1
24,6,590.69,109.67,46.58,129.55,1.00,-1,-1
24,8,178.31,94.72,41.91,159.43,1.00,-1,-1
25,1,511.86,87.21,83.81,228.13,1.00,-1,-1
25,3,413.66,86.13,85.64,232.08,1.00,-1,-1
25,4,276.79,98.03,75.16,209.23,1.00,-1,-1
25,5,-21.18,74.06,70.53,249.26,1.00,-1,-1
25,6,589.92,110.05,47.31,130.30,1.00,-1,-1
25,8,178.05,94.26,41.95,159.83,1.00,-1,-1
26,1,513.36,88.47,83.71,227.16,1.00,-1,-1
26,3,419.89,85.33,86.47,232.01,1.00,-1,-1
26,4,279.97,97.22,74.67,208.78,1.00,-1,-1
26,5,-20.01,72.03,65.42,244.59,1.00,-1,-1
26,6,587.94,110.98,46.73,129.28,1.00,-1,-1
26,8,178.00,94.07,41.86,159.65,1.00,-1,-1
27,1,515.47,89.32,83.24,226.04,1.00,-1,-1
27,3,425.04,83.88,86.91,231.02,1.00,-1,-1
27,4,286.29,96.37,74.19,208.33,1.00,-1,-1
27,6,584.88,110.52,46.83,129.90,1.00,-1,-1
27,8,178.01,94.44,41.70,159.20,1.00,-1,-1
28,1,520.22,88.82,83.15,226.27,1.00,-1,-1
28,2,497.60,94.83,54.16,186.06,1.00,-1,-1
28,3,428.41,83.25,86.86,230.42,1.00,-1,-1
28,4,292.77,95.37,73.85,208.86,1.00,-1,-1
28,6,584.23,109.35,47.51,131.98,1.00,-1,-1
28,8,177.88,94.49,41.65,159.07,1.00,-1,-1
29,1,525.48,91.09,81.66,223.84,1.00,-1,-1
29,2,494.53,91.85,53.10,188.48,1.00,-1,-1
29,3,429.19,82.67,86.23,231.06,1.00,-1,-1
29,4,299.05,94.33,73.31,208.56,1.00,-1,-1
29,6,584.61,108.25,48.55,133.46,1.00,-1,-1
29,8,177.68,94.49,41.66,159.29,1.00,-1,-1
30,1,530.66,94.23,80.25,219.70,1.00,-1,-1
30,2,496.08,93.04,52.20,189.75,1.00,-1,-1
30,3,431.85,82.22,85.57,231.22,1.00,-1,-1
30,4,304.84,93.74,73.72,209.18,1.00,-1,-1
30,8,177.61,94.51,41.54,158.99,1.00,-1,-1
31,1,532.06,93.95,79.60,219.30,1.00,-1,-1
31,2,495.79,94.61,50.95,187.43,1.00,-1,-1
31,3,434.70,82.26,84.64,230.54,1.00,-1,-1
31,4,309.52,92.99,74.15,209.89,1.00,-1,-1
31,8,177.54,95.03,41.35,158.42,1.00,-1,-1
32,1,535.04,93.80,78.60,219.19,1.00,-1,-1
32,2,495.84,94.76,50.25,187.16,1.00,-1,-1
32,3,437.63,82.59,84.11,230.58,1.00,-1,-1
32,4,314.47,93.35,73.80,208.61,1.00,-1,-1
32,8,177.62,95.76,41.19,157.97,1.00,-1,-1
33,1,538.62,92.32,78.40,220.57,1.00,-1,-1
33,2,500.97,96.60,50.41,183.05,1.00,-1,-1
33,3,437.83,83.69,82.39,229.69,1.00,-1,-1
33,4,319.46,95.36,73.37,206.48,1.00,-1,-1
33,8,177.62,95.63,41.21,158.28,1.00,-1,-1
34,1,543.04,91.28,78.12,221.63,1.00,-1,-1
34,2,499.04,96.64,50.61,182.34,1.00,-1,-1
34,3,442.43,85.18,81.06,227.98,1.00,-1,-1
34,4,323.50,97.12,72.71,203.84,1.00,-1,-1
34,8,177.68,96.04,41.02,157.47,1.00,-1,-1
35,1,548.26,91.19,77.87,220.53,1.00,-1,-1
35,2,498.48,101.52,48.68,177.19,1.00,-1,-1
35,3,449.78,86.22,80.79,226.20,1.00,-1,-1
35,4,325.96,98.68,72.54,202.23,1.00,-1,-1
35,8,177.52,96.02,41.01,157.32,1.00,-1,-1
36,1,552.00,89.61,78.05,220.28,1.00,-1,-1
36,2,496.77,97.26,49.84,183.15,1.00,-1,-1
36,3,454.58,88.33,80.67,223.70,1.00,-1,-1
36,4,328.11,98.94,72.97,201.83,1.00,-1,-1
36,8,177.30,95.67,41.03,157.27,1.00,-1,-1
37,1,555.20,88.10,78.32,220.82,1.00,-1,-1
37,3,457.75,88.81,81.05,222.13,1.00,-1,-1
37,4,331.33,98.58,73.52,202.26,1.00,-1,-1
37,8,177.40,96.97,40.77,156.27,1.00,-1,-1
38,1,557.53,87.48,78.33,221.08,1.00,-1,-1
38,3,459.55,88.85,81.76,221.86,1.00,-1,-1
38,4,335.24,97.63,73.73,202.47,1.00,-1,-1
38,8,177.34,96.80,40.80,156.45,1.00,-1,-1
39,1,560.10,87.84,77.82,220.97,1.00,-1,-1
39,3,461.99,88.62,82.52,222.46,1.00,-1,-1
39,4,340.45,96.75,72.98,201.24,1.00,-1,-1
39,8,177.44,96.44,40.86,156.90,1.00,-1,-1
40,1,561.31,88.02,76.79,220.35,1.00,-1,-1
40,2,448.28,107.30,34.53,129.95,1.00,-1,-1
40,3,463.98,88.39,82.66,221.76,1.00,-1,-1
40,4,344.00,95.54,72.04,199.88,1.00,-1,-1
40,8,177.31,96.89,40.66,156.10,1.00,-1,-1
41,1,563.76,88.71,75.66,219.12,1.00,-1,-1
41,2,442.72,108.27,32.93,126.69,1.00,-1,-1
41,3,466.90,86.85,82.76,221.08,1.00,-1,-1
41,4,347.04,94.73,71.77,200.54,1.00,-1,-1
41,8,177.26,97.47,40.53,155.51,1.00,-1,-1
42,1,566.63,89.75,74.76,217.44,1.00,-1,-1
42,2,440.36,108.71,32.97,129.15,1.00,-1,-1
42,3,468.07,85.31,83.10,221.43,1.00,-1,-1
42,4,349.02,93.82,71.41,201.31,1.00,-1,-1
42,8,177.20,96.57,40.72,156.37,1.00,-1,-1
43,1,568.43,91.69,73.69,215.15,1.00,-1,-1
43,2,439.20,109.69,32.60,129.19,1.00,-1,-1
43,3,467.91,83.57,84.13,222.79,1.00,-1,-1
43,4,350.58,93.24,71.02,202.06,1.00,-1,-1
43,8,177.11,96.68,40.66,156.21,1.00,-1,-1
44,1,569.97,92.54,72.94,214.39,1.00,-1,-1
44,2,438.43,111.37,31.65,126.91,1.00,-1,-1
44,3,468.76,83.36,84.88,221.89,1.00,-1,-1
44,4,355.10,94.06,69.59,200.04,1.00,-1,-1
44,8,176.98,96.92,40.50,155.69,1.00,-1,-1
45,1,572.26,93.08,72.11,214.58,1.00,-1,-1
45,2,437.71,112.87,31.08,125.87,1.00,-1,-1
45,3,468.67,83.64,86.24,222.58,1.00,-1,-1
45,4,362.10,94.79,69.12,197.95,1.00,-1,-1
45,8,176.88,96.80,40.52,155.75,1.00,-1,-1
46,1,574.09,94.18,70.81,213.45,1.00,-1,-1
46,2,436.17,112.37,30.91,126.29,1.00,-1,-1
46,3,470.98,84.65,87.09,221.42,1.00,-1,-1
46,4,367.34,95.92,69.51,197.80,1.00,-1,-1
46,6,452.04,102.22,57.36,172.60,1.00,-1,-1
46,8,176.58,95.45,40.89,157.25,1.00,-1,-1
47,1,575.37,94.23,69.75,213.13,1.00,-1,-1
47,2,434.34,112.16,30.82,126.58,1.00,-1,-1
47,3,483.18,85.84,86.05,219.03,1.00,-1,-1
47,4,370.92,97.38,69.66,197.07,1.00,-1,-1
47,6,448.59,96.50,56.67,181.01,1.00,-1,-1
47,8,176.46,95.18,40.95,157.53,1.00,-1,-1
48,1,577.06,93.11,68.86,214.08,1.00,-1,-1
48,2,431.53,111.92,31.06,127.10,1.00,-1,-1
48,3,490.34,86.63,86.26,218.06,1.00,-1,-1
48,4,372.78,98.44,69.37,195.95,1.00,-1,-1
48,6,447.35,92.99,55.64,183.40,1.00,-1,-1
48,8,176.22,94.86,41.10,158.13,1.00,-1,-1
49,1,579.04,92.84,67.49,213.91,1.00,-1,-1
49,2,430.38,111.18,30.25,124.92,1.00,-1,-1
49,3,494.69,87.53,86.62,216.56,1.00,-1,-1
49,4,373.73,99.45,68.89,194.30,1.00,-1,-1
49,6,445.71,91.21,55.10,185.75,1.00,-1,-1
49,8,175.95,93.80,41.38,159.46,1.00,-1,-1
50,1,581.39,93.07,65.63,212.55,1.00,-1,-1
50,3,497.47,88.78,87.07,215.64,1.00,-1,-1
50,4,375.17,99.58,68.73,194.04,1.00,-1,-1
50,6,444.91,91.94,54.30,185.02,1.00,-1,-1
50,8,175.82,93.26,41.49,160.24,1.00,-1,-1
51,1,583.37,92.02,64.10,212.50,1.00,-1,-1
51,3,499.20,89.77,87.42,214.62,1.00,-1,-1
51,4,378.85,99.34,68.63,193.40,1.00,-1,-1
51,6,443.75,94.46,54.09,182.64,1.00,-1,-1
51,8,175.76,93.04,41.46,160.25,1.00,-1,-1
52,1,584.48,90.81,62.61,212.04,1.00,-1,-1
52,3,501.09,90.29,88.18,214.48,1.00,-1,-1
52,4,383.18,98.94,68.25,192.23,1.00,-1,-1
52,6,441.88,94.45,54.62,183.18,1.00,-1,-1
52,8,175.76,92.51,41.48,160.74,1.00,-1,-1
53,1,585.25,89.57,61.71,213.61,1.00,-1,-1
53,3,503.44,90.32,88.63,214.41,1.00,-1,-1
53,4,389.94,97.99,67.74,191.79,1.00,-1,-1
53,6,441.72,93.80,54.51,183.68,1.00,-1,-1
53,8,175.73,92.73,41.40,160.70,1.00,-1,-1
54,1,586.15,90.53,60.00,211.62,1.00,-1,-1
54,3,505.43,89.10,89.45,215.44,1.00,-1,-1
54,4,396.89,95.80,67.83,193.40,1.00,-1,-1
54,6,441.76,94.41,53.54,182.44,1.00,-1,-1
54,8,175.74,92.85,41.32,160.68,1.00,-1,-1
55,1,587.60,93.21,58.23,209.40,1.00,-1,-1
55,3,508.05,88.32,90.02,215.91,1.00,-1,-1
55,4,401.34,94.48,67.73,194.08,1.00,-1,-1
55,6,441.42,94.30,52.56,181.78,1.00,-1,-1
55,8,175.92,93.75,40.96,159.35,1.00,-1,-1
56,1,589.17,101.72,55.42,202.09,1.00,-1,-1
56,3,510.63,87.43,89.83,214.72,1.00,-1,-1
56,4,405.26,94.03,67.47,194.49,1.00,-1,-1
56,6,441.13,95.92,51.21,180.22,1.00,-1,-1
56,8,175.94,94.33,40.76,158.58,1.00,-1,-1
57,1,591.64,107.19,52.92,196.43,1.00,-1,-1
57,3,514.97,86.96,88.82,214.03,1.00,-1,-1
57,4,409.52,93.98,67.41,194.34,1.00,-1,-1
57,6,441.73,95.68,49.38,177.15,1.00,-1,-1
57,8,175.88,94.83,40.68,158.07,1.00,-1,-1
58,1,596.00,109.69,50.56,193.64,1.00,-1,-1
58,3,517.45,86.89,86.85,213.54,1.00,-1,-1
58,4,413.36,94.69,67.78,193.72,1.00,-1,-1
58,8,175.82,95.06,40.69,157.96,1.00,-1,-1
59,1,601.15,109.76,48.19,193.19,1.00,-1,-1
59,3,520.33,86.24,85.62,214.58,1.00,-1,-1
59,4,414.65,95.85,67.94,192.26,1.00,-1,-1
59,8,175.65,94.62,40.87,158.50,1.00,-1,-1
60,1,602.65,113.10,45.76,190.09,1.00,-1,-1
60,3,527.09,85.61,85.46,215.16,1.00,-1,-1
60,4,416.27,96.30,68.43,191.78,1.00,-1,-1
60,8,175.36,94.59,41.09,159.10,1.00,-1,-1
61,1,605.26,113.60,43.52,188.60,1.00,-1,-1
61,3,530.25,85.36,84.83,215.19,1.00,-1,-1
61,4,420.05,97.43,68.28,190.61,1.00,-1,-1
61,8,174.93,94.58,41.24,158.68,1.00,-1,-1
62,1,610.88,118.11,35.25,157.57,1.00,-1,-1
62,2,402.71,163.67,27.82,107.16,1.00,-1,-1
62,3,533.91,87.15,83.28,213.19,1.00,-1,-1
62,4,424.63,98.71,67.83,188.84,1.00,-1,-1
62,6,398.38,103.36,46.10,169.81,1.00,-1,-1
62,8,174.98,94.51,41.48,158.71,1.00,-1,-1
63,3,536.78,88.90,81.68,210.99,1.00,-1,-1
63,4,429.46,98.53,67.82,188.62,1.00,-1,-1
63,6,396.02,100.19,46.54,173.09,1.00,-1,-1
63,8,175.02,94.69,41.81,158.97,1.00,-1,-1
64,3,540.18,90.59,80.67,209.33,1.00,-1,-1
64,4,432.04,98.44,67.53,187.48,1.00,-1,-1
64,6,398.53,96.55,47.93,178.55,1.00,-1,-1
64,8,175.16,95.10,42.12,158.65,1.00,-1,-1
65,3,544.08,91.18,79.29,207.93,1.00,-1,-1
65,4,434.36,97.73,67.30,187.33,1.00,-1,-1
65,6,397.83,94.98,48.22,178.79,1.00,-1,-1
65,8,175.37,95.27,42.56,158.66,1.00,-1,-1
66,3,547.47,90.74,78.45,207.57,1.00,-1,-1
66,4,438.54,97.37,66.96,186.14,1.00,-1,-1
66,6,399.30,94.36,49.79,180.06,1.00,-1,-1
66,8,175.35,95.15,43.11,158.86,1.00,-1,-1
67,3,549.58,91.08,77.52,206.80,1.00,-1,-1
67,4,442.28,96.73,66.89,186.38,1.00,-1,-1
67,6,398.92,92.96,50.74,179.73,1.00,-1,-1
67,8,175.35,94.95,43.59,158.84,1.00,-1,-1
68,1,609.93,113.34,34.53,160.39,1.00,-1,-1
68,3,550.40,90.47,77.01,207.40,1.00,-1,-1
68,4,444.17,95.87,66.34,186.77,1.00,-1,-1
68,6,396.41,92.07,51.44,179.69,1.00,-1,-1
68,8,175.42,94.70,44.10,159.49,1.00,-1,-1
69,1,613.34,135.82,28.76,135.19,1.00,-1,-1
69,3,552.90,89.24,76.14,206.61,1.00,-1,-1
69,4,445.67,93.44,66.11,187.53,1.00,-1,-1
69,6,394.33,91.66,52.12,179.18,1.00,-1,-1
69,8,175.37,94.26,44.65,160.41,1.00,-1,-1
70,1,612.60,119.08,31.10,152.09,1.00,-1,-1
70,3,555.28,88.30,75.24,205.51,1.00,-1,-1
70,4,447.84,92.88,66.13,188.11,1.00,-1,-1
70,6,391.43,92.03,53.09,180.11,1.00,-1,-1
70,8,175.60,94.17,44.78,159.65,1.00,-1,-1
71,3,557.98,86.80,75.14,206.27,1.00,-1,-1
71,4,452.02,93.36,65.53,186.84,1.00,-1,-1
71,6,389.05,92.99,53.44,178.72,1.00,-1,-1
71,8,175.86,94.31,45.11,159.48,1.00,-1,-1
72,3,561.38,86.12,75.08,206.71,1.00,-1,-1
72,4,455.03,94.25,65.00,186.32,1.00,-1,-1
72,6,386.86,93.80,53.95,178.18,1.00,-1,-1
72,8,176.05,93.76,45.82,160.89,1.00,-1,-1
72,16,621.72,108.32,17.35,77.05,1.00,-1,-1
73,3,565.09,85.97,74.62,206.38,1.00,-1,-1
73,4,456.82,95.58,64.01,185.23,1.00,-1,-1
73,6,385.03,95.73,54.09,176.49,1.00,-1,-1
73,8,176.12,94.29,46.27,160.23,1.00,-1,-1
74,3,567.45,86.09,74.34,206.67,1.00,-1,-1
74,4,459.96,96.20,63.79,186.25,1.00,-1,-1
74,6,383.07,97.55,54.41,175.03,1.00,-1,-1
74,8,176.70,94.68,46.57,158.62,1.00,-1,-1
75,3,568.84,86.47,73.62,205.68,1.00,-1,-1
75,4,463.10,96.66,63.45,185.67,1.00,-1,-1
75,6,381.62,98.05,55.27,174.69,1.00,-1,-1
75,8,176.66,94.49,47.52,158.48,1.00,-1,-1
76,3,570.54,88.50,72.50,204.01,1.00,-1,-1
76,4,465.30,96.68,63.46,185.22,1.00,-1,-1
76,6,379.36,98.27,55.90,174.19,1.00,-1,-1
76,8,178.44,94.60,47.83,157.58,1.00,-1,-1
77,1,564.52,111.34,21.79,101.96,1.00,-1,-1
77,3,571.16,88.60,72.18,204.68,1.00,-1,-1
77,4,467.92,96.55,63.62,184.12,1.00,-1,-1
77,6,375.62,98.62,56.33,172.83,1.00,-1,-1
77,8,179.20,94.62,48.21,157.49,1.00,-1,-1
78,1,561.62,110.02,23.01,104.29,1.00,-1,-1
78,3,575.53,89.86,70.47,203.91,1.00,-1,-1
78,4,471.91,95.99,64.11,183.55,1.00,-1,-1
78,6,370.66,97.83,56.86,173.21,1.00,-1,-1
78,8,178.92,94.77,48.68,157.39,1.00,-1,-1
79,1,559.66,109.53,26.28,115.54,1.00,-1,-1
79,2,404.67,108.51,35.82,131.81,1.00,-1,-1
79,3,578.29,90.86,68.79,203.27,1.00,-1,-1
79,4,476.26,95.35,64.54,183.45,1.00,-1,-1
79,6,368.34,97.48,57.00,173.35,1.00,-1,-1
79,8,179.44,94.53,49.18,157.73,1.00,-1,-1
80,1,559.81,109.37,26.00,106.29,1.00,-1,-1
80,2,404.41,105.98,36.90,132.99,1.00,-1,-1
80,3,580.00,91.84,66.87,201.43,1.00,-1,-1
80,4,481.30,96.33,64.32,182.46,1.00,-1,-1
80,6,365.84,96.42,56.94,173.98,1.00,-1,-1
80,8,179.62,94.72,49.78,158.03,1.00,-1,-1
80,17,561.41,108.94,31.18,160.95,1.00,-1,-1
81,1,559.42,109.89,25.75,97.79,1.00,-1,-1
81,2,404.54,105.00,37.36,133.20,1.00,-1,-1
81,3,578.46,92.73,65.99,200.36,1.00,-1,-1
81,4,485.15,96.40,64.57,182.69,1.00,-1,-1
81,6,363.79,95.41,56.68,174.14,1.00,-1,-1
81,8,180.56,94.35,50.22,158.82,1.00,-1,-1
81,17,566.62,115.35,30.06,153.09,1.00,-1,-1
82,1,555.70,111.38,25.96,93.77,1.00,-1,-1
82,2,404.76,104.11,37.97,135.43,1.00,-1,-1
82,3,581.31,92.64,64.52,199.90,1.00,-1,-1
82,4,489.35,96.97,64.54,182.62,1.00,-1,-1
82,6,361.80,94.48,56.17,173.50,1.00,-1,-1
82,8,181.97,99.41,48.83,152.93,1.00,-1,-1
82,17,570.35,113.95,31.64,158.98,1.00,-1,-1
83,1,553.74,111.92,25.17,87.75,1.00,-1,-1
83,2,404.04,104.22,38.40,135.39,1.00,-1,-1
83,3,583.51,90.87,63.32,200.77,1.00,-1,-1
83,4,492.74,97.08,64.09,181.61,1.00,-1,-1
83,6,360.31,93.98,55.81,173.06,1.00,-1,-1
83,8,182.06,96.87,50.08,155.83,1.00,-1,-1
83,17,569.72,121.86,30.68,149.38,1.00,-1,-1
84,2,402.39,104.69,38.98,134.64,1.00,-1,-1
84,3,586.66,100.07,59.09,190.68,1.00,-1,-1
84,4,495.68,97.64,63.90,180.59,1.00,-1,-1
84,6,358.82,93.86,55.59,172.55,1.00,-1,-1
84,8,181.91,95.37,51.03,157.71,1.00,-1,-1
84,17,569.25,134.56,29.11,136.68,1.00,-1,-1
85,2,400.98,104.94,39.93,135.03,1.00,-1,-1
85,3,591.88,103.60,55.32,183.91,1.00,-1,-1
85,4,498.08,98.45,63.87,178.97,1.00,-1,-1
85,6,356.97,93.71,55.27,171.70,1.00,-1,-1
85,8,182.05,95.13,51.67,158.73,1.00,-1,-1
85,17,567.91,133.84,29.91,136.90,1.00,-1,-1
86,2,400.10,105.33,40.62,134.88,1.00,-1,-1
86,3,596.78,106.16,52.23,180.61,1.00,-1,-1
86,4,499.43,99.10,64.34,178.28,1.00,-1,-1
86,6,354.93,93.92,55.42,172.10,1.00,-1,-1
86,8,182.58,95.33,52.08,158.83,1.00,-1,-1
86,17,565.38,116.54,34.69,154.36,1.00,-1,-1
87,2,399.62,105.36,41.23,134.81,1.00,-1,-1
87,3,601.43,106.42,49.17,178.25,1.00,-1,-1
87,4,499.95,100.18,64.90,177.61,1.00,-1,-1
87,6,352.68,94.30,55.30,171.38,1.00,-1,-1
87,8,183.05,95.46,52.45,158.70,1.00,-1,-1
87,17,562.78,112.92,36.17,157.93,1.00,-1,-1
88,2,399.23,105.66,41.66,134.51,1.00,-1,-1
88,3,604.88,106.11,46.41,177.03,1.00,-1,-1
88,4,501.29,100.06,65.37,177.33,1.00,-1,-1
88,6,350.60,94.09,55.90,173.28,1.00,-1,-1
88,8,183.38,95.50,52.95,159.18,1.00,-1,-1
88,17,560.58,109.76,37.63,161.35,1.00,-1,-1
89,2,398.50,105.92,42.11,134.25,1.00,-1,-1
89,3,608.37,107.46,42.60,171.21,1.00,-1,-1
89,4,506.10,100.58,66.04,176.52,1.00,-1,-1
89,6,348.13,94.34,55.95,172.98,1.00,-1,-1
89,8,183.65,96.25,52.79,156.94,1.00,-1,-1
89,16,618.96,107.58,21.41,96.22,1.00,-1,-1
89,17,558.68,110.08,37.98,160.24,1.00,-1,-1
90,2,397.85,105.78,42.59,134.55,1.00,-1,-1
90,4,509.16,100.33,66.33,177.26,1.00,-1,-1
90,6,344.25,95.54,56.91,173.07,1.00,-1,-1
90,8,184.20,95.56,53.56,158.32,1.00,-1,-1
90,16,619.97,108.03,21.02,97.51,1.00,-1,-1
90,17,556.66,107.57,38.97,164.35,1.00,-1,-1
91,2,397.27,105.81,42.96,134.76,1.00,-1,-1
91,4,516.92,98.11,66.90,178.35,1.00,-1,-1
91,6,339.17,94.82,58.13,172.44,1.00,-1,-1
91,8,185.03,95.12,53.95,158.39,1.00,-1,-1
91,16,621.82,110.89,19.68,94.70,1.00,-1,-1
91,17,558.00,109.43,38.58,161.60,1.00,-1,-1
92,2,396.03,106.14,43.38,134.73,1.00,-1,-1
92,4,522.25,96.51,66.96,178.70,1.00,-1,-1
92,6,337.24,94.89,58.94,171.97,1.00,-1,-1
92,8,185.76,95.13,54.18,158.18,1.00,-1,-1
93,2,394.89,106.76,43.81,134.29,1.00,-1,-1
93,4,524.94,95.78,68.22,179.77,1.00,-1,-1
93,6,334.17,95.77,59.68,170.80,1.00,-1,-1
93,8,186.32,95.79,54.44,158.31,1.00,-1,-1
94,2,391.73,106.85,44.60,134.46,1.00,-1,-1
94,4,525.82,97.32,68.23,178.36,1.00,-1,-1
94,6,331.58,97.08,60.16,169.15,1.00,-1,-1
94,8,186.93,96.01,54.38,157.48,1.00,-1,-1
95,2,389.32,106.72,45.68,134.93,1.00,-1,-1
95,4,523.74,98.62,68.60,176.29,1.00,-1,-1
95,6,329.87,97.71,60.70,168.53,1.00,-1,-1
95,8,187.26,96.11,54.32,156.66,1.00,-1,-1
96,2,389.08,106.76,46.39,135.11,1.00,-1,-1
96,4,524.47,99.79,68.70,173.87,1.00,-1,-1
96,6,329.08,98.18,60.81,167.50,1.00,-1,-1
96,8,187.40,96.08,54.49,156.54,1.00,-1,-1
97,2,389.87,106.64,47.14,135.48,1.00,-1,-1
97,3,517.57,111.77,39.20,155.61,1.00,-1,-1
97,4,516.39,105.15,63.16,161.55,1.00,-1,-1
97,6,327.92,98.68,60.98,166.67,1.00,-1,-1
97,8,187.68,95.79,54.35,155.41,1.00,-1,-1
97,17,553.44,102.69,44.85,169.69,1.00,-1,-1
98,2,390.13,107.44,47.67,134.96,1.00,-1,-1
98,3,512.92,113.06,39.82,154.37,1.00,-1,-1
98,6,325.86,98.28,61.71,167.04,1.00,-1,-1
98,8,187.78,95.67,54.37,154.81,1.00,-1,-1
98,17,553.25,102.68,48.89,169.88,1.00,-1,-1
99,2,389.09,107.85,47.99,134.54,1.00,-1,-1
99,3,510.65,115.02,40.19,153.20,1.00,-1,-1
99,6,324.96,97.32,62.15,167.74,1.00,-1,-1
99,8,187.67,95.55,54.60,154.89,1.00,-1,-1
99,17,554.44,103.03,51.75,169.89,1.00,-1,-1
100,2,388.50,108.11,48.29,134.40,1.00,-1,-1
100,3,508.68,114.26,41.26,153.13,1.00,-1,-1
100,6,323.34,95.91,62.64,169.14,1.00,-1,-1
100,8,187.62,95.50,54.74,154.86,1.00,-1,-1
100,17,553.90,102.97,54.43,170.03,1.00,-1,-1
101,2,388.11,107.93,48.80,134.45,1.00,-1,-1
101,3,506.50,115.06,41.87,152.22,1.00,-1,-1
101,6,321.43,94.87,62.86,170.28,1.00,-1,-1
101,8,187.52,95.70,54.96,154.96,1.00,-1,-1
101,17,554.44,102.76,56.11,170.13,1.00,-1,-1
102,2,387.11,107.16,49.56,135.11,1.00,-1,-1
102,3,505.31,130.11,38.38,136.25,1.00,-1,-1
102,4,525.40,110.16,52.94,142.08,1.00,-1,-1
102,6,319.49,94.64,62.63,170.08,1.00,-1,-1
102,8,187.47,95.85,55.02,154.61,1.00,-1,-1
102,17,555.53,101.94,57.34,171.15,1.00,-1,-1
103,2,386.94,106.57,50.08,135.58,1.00,-1,-1
103,3,502.39,132.28,38.50,133.87,1.00,-1,-1
103,4,526.75,111.27,49.79,137.84,1.00,-1,-1
103,6,316.54,94.72,62.23,169.20,1.00,-1,-1
103,8,187.36,95.94,55.16,154.54,1.00,-1,-1
103,17,558.30,102.31,57.51,169.50,1.00,-1,-1
104,2,386.09,106.58,50.54,135.86,1.00,-1,-1
104,3,498.52,130.23,39.65,135.27,1.00,-1,-1
104,4,528.65,111.89,47.57,135.04,1.00,-1,-1
104,6,314.17,94.61,61.81,168.90,1.00,-1,-1
104,8,187.17,95.97,55.15,154.10,1.00,-1,-1
104,17,561.70,101.61,57.65,168.75,1.00,-1,-1
105,2,385.33,106.11,50.99,136.14,1.00,-1,-1
105,3,493.36,122.39,42.67,143.26,1.00,-1,-1
105,4,530.29,111.32,47.43,135.36,1.00,-1,-1
105,6,312.58,94.44,61.39,168.75,1.00,-1,-1
105,8,186.84,96.06,55.27,154.02,1.00,-1,-1
105,17,567.16,100.28,57.74,169.54,1.00,-1,-1
106,2,384.63,105.87,51.37,136.42,1.00,-1,-1
106,3,485.93,115.99,46.08,148.91,1.00,-1,-1
106,4,530.73,110.20,47.26,136.09,1.00,-1,-1
106,6,311.74,94.92,60.61,167.69,1.00,-1,-1
106,8,186.07,95.38,55.80,155.02,1.00,-1,-1
106,17,572.74,99.38,57.70,170.89,1.00,-1,-1
107,2,384.69,105.68,51.60,136.86,1.00,-1,-1
107,3,479.98,113.85,48.86,150.84,1.00,-1,-1
107,4,528.83,109.15,47.45,137.45,1.00,-1,-1
107,6,310.43,95.14,60.03,167.12,1.00,-1,-1
107,8,185.59,94.79,56.31,156.16,1.00,-1,-1
107,17,577.58,99.17,58.19,171.29,1.00,-1,-1
108,2,384.77,105.68,51.82,137.42,1.00,-1,-1
108,3,474.64,113.47,51.75,151.80,1.00,-1,-1
108,4,527.51,107.96,47.66,139.09,1.00,-1,-1
108,6,308.90,94.82,60.08,168.05,1.00,-1,-1
108,8,185.35,94.67,56.62,156.81,1.00,-1,-1
108,17,581.25,98.82,58.13,171.45,1.00,-1,-1
109,2,384.73,105.68,52.05,137.94,1.00,-1,-1
109,3,469.60,113.26,54.64,152.21,1.00,-1,-1
109,4,526.34,107.83,47.94,140.17,1.00,-1,-1
109,6,307.72,94.23,60.06,168.81,1.00,-1,-1
109,8,185.45,95.15,56.25,155.52,1.00,-1,-1
109,17,583.78,99.07,57.59,170.69,1.00,-1,-1
110,2,384.69,105.76,52.11,138.17,1.00,-1,-1
110,3,466.40,113.65,57.17,151.81,1.00,-1,-1
110,4,524.71,109.24,47.73,139.15,1.00,-1,-1
110,6,306.49,94.31,59.99,169.36,1.00,-1,-1
110,8,185.57,95.40,56.08,154.80,1.00,-1,-1
110,17,585.42,99.55,56.59,168.59,1.00,-1,-1
111,2,385.11,106.16,51.83,138.04,1.00,-1,-1
111,3,464.25,113.20,59.65,151.11,1.00,-1,-1
111,4,521.14,107.90,49.14,142.32,1.00,-1,-1
111,6,305.31,94.31,59.92,169.91,1.00,-1,-1
111,8,185.73,95.51,56.04,154.43,1.00,-1,-1
111,17,587.00,100.74,55.66,167.08,1.00,-1,-1
112,2,385.38,106.27,52.17,138.42,1.00,-1,-1
112,3,463.53,116.71,60.54,146.81,1.00,-1,-1
112,4,519.07,108.82,48.90,141.05,1.00,-1,-1
112,6,304.67,96.33,58.85,167.20,1.00,-1,-1
112,8,185.72,95.35,56.20,154.76,1.00,-1,-1
112,17,588.57,100.90,55.04,167.41,1.00,-1,-1
113,1,458.83,114.23,46.49,149.78,1.00,-1,-1
113,2,385.86,106.54,52.74,139.37,1.00,-1,-1
113,3,461.87,115.24,63.21,148.77,1.00,-1,-1
113,4,516.67,108.86,49.16,141.19,1.00,-1,-1
113,6,303.84,95.76,58.72,167.44,1.00,-1,-1
113,8,185.91,95.47,56.31,154.90,1.00,-1,-1
113,16,572.91,142.61,19.24,68.01,1.00,-1,-1
113,17,590.27,100.29,54.39,168.43,1.00,-1,-1
114,2,386.38,107.42,52.64,138.59,1.00,-1,-1
114,3,460.38,114.76,64.99,149.56,1.00,-1,-1
114,4,514.12,110.66,49.15,139.21,1.00,-1,-1
114,6,303.14,95.53,58.43,167.34,1.00,-1,-1
114,8,185.89,94.62,57.01,156.77,1.00,-1,-1
114,17,591.94,99.66,53.54,169.36,1.00,-1,-1
115,2,387.19,108.43,52.50,137.92,1.00,-1,-1
115,3,456.65,113.75,66.28,151.06,1.00,-1,-1
115,4,511.72,110.62,50.19,140.67,1.00,-1,-1
115,6,302.38,95.65,58.13,167.41,1.00,-1,-1
115,8,185.98,94.02,57.55,158.13,1.00,-1,-1
115,17,594.45,99.57,51.76,167.75,1.00,-1,-1
116,2,387.78,108.71,52.66,137.70,1.00,-1,-1
116,3,452.13,113.19,67.13,152.07,1.00,-1,-1
116,4,510.43,111.53,50.52,139.08,1.00,-1,-1
116,6,301.84,96.11,57.56,166.50,1.00,-1,-1
116,8,186.46,94.33,57.66,158.23,1.00,-1,-1
116,17,596.33,98.36,50.22,167.05,1.00,-1,-1
117,2,389.02,109.20,52.77,137.57,1.00,-1,-1
117,3,447.67,113.00,67.21,151.50,1.00,-1,-1
117,4,508.59,112.06,51.21,139.18,1.00,-1,-1
117,6,301.49,96.23,57.03,166.22,1.00,-1,-1
117,8,186.94,94.18,57.88,158.51,1.00,-1,-1
117,17,597.63,97.88,48.98,167.23,1.00,-1,-1
118,2,390.54,109.43,52.82,137.68,1.00,-1,-1
118,3,441.95,112.68,66.70,152.23,1.00,-1,-1
118,4,507.25,112.02,51.42,138.93,1.00,-1,-1
118,6,300.92,96.15,56.44,165.96,1.00,-1,-1
118,8,187.93,94.07,58.15,158.46,1.00,-1,-1
118,17,599.65,96.51,47.49,167.27,1.00,-1,-1
119,2,391.61,108.82,53.13,138.32,1.00,-1,-1
119,3,436.72,112.20,65.14,152.45,1.00,-1,-1
119,4,505.62,111.57,51.58,139.43,1.00,-1,-1
119,6,300.74,95.44,56.05,166.10,1.00,-1,-1
119,8,188.53,94.11,58.30,158.51,1.00,-1,-1
119,17,602.00,96.17,45.51,165.84,1.00,-1,-1
120,2,392.13,108.47,53.18,138.86,1.00,-1,-1
120,3,433.41,112.21,63.13,152.00,1.00,-1,-1
120,4,503.77,110.62,51.68,140.50,1.00,-1,-1
120,6,300.56,94.86,55.77,166.53,1.00,-1,-1
120,8,189.05,93.69,58.41,158.59,1.00,-1,-1
120,17,603.79,97.10,43.84,165.58,1.00,-1,-1
121,2,392.20,107.66,53.04,139.44,1.00,-1,-1
121,3,430.72,111.92,62.03,153.49,1.00,-1,-1
121,4,501.82,109.50,51.87,142.07,1.00,-1,-1
121,6,300.68,94.57,54.99,165.44,1.00,-1,-1
121,8,189.93,94.34,57.63,156.27,1.00,-1,-1
121,17,605.43,98.62,41.91,163.96,1.00,-1,-1
122,2,392.66,107.48,52.51,139.42,1.00,-1,-1
122,3,428.74,112.68,59.91,151.77,1.00,-1,-1
122,4,500.18,107.89,52.72,145.16,1.00,-1,-1
122,6,299.79,93.70,54.71,165.95,1.00,-1,-1
122,8,190.38,94.44,57.39,155.33,1.00,-1,-1
122,17,607.36,100.68,39.98,162.44,1.00,-1,-1
123,2,393.30,107.61,51.84,139.75,1.00,-1,-1
123,3,427.10,114.02,58.33,150.83,1.00,-1,-1
123,4,498.92,107.97,52.65,144.85,1.00,-1,-1
123,6,299.22,93.02,54.55,166.47,1.00,-1,-1
123,8,191.00,94.41,57.34,154.91,1.00,-1,-1
123,17,609.95,104.68,37.49,158.80,1.00,-1,-1
124,2,394.62,107.87,51.49,140.98,1.00,-1,-1
124,3,424.49,115.58,56.86,148.74,1.00,-1,-1
124,4,497.86,107.57,52.77,145.11,1.00,-1,-1
124,6,299.15,92.52,53.77,164.70,1.00,-1,-1
124,8,191.49,94.27,57.27,154.54,1.00,-1,-1
124,17,613.53,117.34,33.09,145.93,1.00,-1,-1
125,2,396.08,107.98,51.09,143.37,1.00,-1,-1
125,3,420.75,116.15,56.38,147.64,1.00,-1,-1
125,4,496.64,108.18,52.47,143.84,1.00,-1,-1
125,6,298.50,92.48,53.58,164.42,1.00,-1,-1
125,8,191.84,94.11,57.32,154.61,1.00,-1,-1
125,17,617.06,127.09,29.54,136.56,1.00,-1,-1
126,2,396.95,108.55,50.11,144.18,1.00,-1,-1
126,3,417.39,116.61,56.64,147.04,1.00,-1,-1
126,4,494.59,107.42,53.06,145.15,1.00,-1,-1
126,6,297.37,92.55,53.50,164.60,1.00,-1,-1
126,8,192.13,94.12,57.24,154.36,1.00,-1,-1
126,17,619.80,133.74,26.75,130.15,1.00,-1,-1
127,2,396.90,109.26,48.16,141.36,1.00,-1,-1
127,3,414.88,116.51,57.37,146.77,1.00,-1,-1
127,4,492.00,108.35,53.29,145.55,1.00,-1,-1
127,6,296.56,92.67,53.45,164.50,1.00,-1,-1
127,8,192.74,93.89,57.31,154.87,1.00,-1,-1
127,17,621.11,142.63,23.94,120.97,1.00,-1,-1
128,2,397.69,110.67,43.32,127.35,1.00,-1,-1
128,3,412.35,117.33,57.95,146.04,1.00,-1,-1
128,4,489.05,109.83,53.28,143.64,1.00,-1,-1
128,6,295.00,93.06,53.90,165.60,1.00,-1,-1
128,8,192.66,93.42,57.71,156.14,1.00,-1,-1
129,3,409.88,115.22,59.48,148.21,1.00,-1,-1
129,4,487.66,110.38,53.30,142.80,1.00,-1,-1
129,6,291.13,93.03,54.49,164.56,1.00,-1,-1
129,8,192.72,93.20,57.74,156.43,1.00,-1,-1
130,3,407.74,113.77,60.63,149.58,1.00,-1,-1
130,4,484.71,111.13,53.70,142.34,1.00,-1,-1
130,6,287.59,93.31,55.59,163.97,1.00,-1,-1
130,8,192.86,92.95,57.67,156.47,1.00,-1,-1
131,3,404.63,113.83,60.36,149.14,1.00,-1,-1
131,4,482.49,111.49,54.05,141.96,1.00,-1,-1
131,6,284.06,93.86,56.85,163.18,1.00,-1,-1
131,8,192.97,93.06,57.38,156.03,1.00,-1,-1
132,3,400.65,112.50,60.07,149.82,1.00,-1,-1
132,4,480.41,112.21,54.25,141.61,1.00,-1,-1
132,6,281.11,94.10,58.07,162.55,1.00,-1,-1
132,8,193.08,93.29,57.07,155.52,1.00,-1,-1
133,3,398.38,112.67,58.82,148.40,1.00,-1,-1
133,4,475.91,112.84,54.68,140.00,1.00,-1,-1
133,6,279.57,94.72,58.68,161.51,1.00,-1,-1
133,8,193.04,94.03,56.52,154.36,1.00,-1,-1
134,3,395.74,111.35,58.77,150.54,1.00,-1,-1
134,4,471.78,112.09,56.09,140.94,1.00,-1,-1
134,6,278.47,94.86,59.41,161.24,1.00,-1,-1
134,8,193.04,94.74,55.99,153.32,1.00,-1,-1
135,3,393.77,109.54,58.35,152.28,1.00,-1,-1
135,4,469.77,111.46,57.34,142.36,1.00,-1,-1
135,6,276.48,94.89,60.17,161.28,1.00,-1,-1
135,8,192.45,94.49,55.89,153.44,1.00,-1,-1
135,23,2.24,74.70,43.07,216.82,1.00,-1,-1
136,3,393.61,108.10,58.25,153.41,1.00,-1,-1
136,4,468.73,110.75,57.87,143.23,1.00,-1,-1
136,6,274.40,95.30,60.85,161.08,1.00,-1,-1
136,8,192.05,94.10,55.93,153.79,1.00,-1,-1
136,23,7.15,109.92,36.54,180.40,1.00,-1,-1
137,3,393.36,107.25,58.45,153.80,1.00,-1,-1
137,4,467.17,110.40,58.00,142.80,1.00,-1,-1
137,6,273.10,95.00,61.51,161.49,1.00,-1,-1
137,8,191.52,93.82,56.06,154.30,1.00,-1,-1
137,23,5.44,84.68,41.88,204.73,1.00,-1,-1
138,3,392.33,107.01,58.66,153.81,1.00,-1,-1
138,4,465.98,110.35,58.54,143.68,1.00,-1,-1
138,6,273.31,98.76,60.75,158.61,1.00,-1,-1
138,8,191.09,93.45,56.03,154.45,1.00,-1,-1
138,23,7.28,102.79,38.89,185.91,1.00,-1,-1
139,2,413.83,109.45,47.28,146.62,1.00,-1,-1
139,3,385.70,109.56,56.85,150.04,1.00,-1,-1
139,4,462.45,110.05,58.20,144.24,1.00,-1,-1
139,6,273.67,101.78,59.90,155.54,1.00,-1,-1
139,8,190.31,92.30,56.27,155.75,1.00,-1,-1
139,23,8.26,110.28,37.74,176.17,1.00,-1,-1
140,2,414.72,109.30,46.00,146.99,1.00,-1,-1
140,3,380.41,110.67,56.61,148.11,1.00,-1,-1
140,4,461.30,110.62,57.18,144.26,1.00,-1,-1
140,6,272.06,98.11,61.18,158.55,1.00,-1,-1
140,8,189.33,91.35,56.34,156.67,1.00,-1,-1
140,23,9.54,112.49,37.48,172.06,1.00,-1,-1
141,2,415.70,111.03,44.12,145.00,1.00,-1,-1
141,3,375.33,111.64,57.06,146.92,1.00,-1,-1
141,4,459.88,111.57,56.08,143.58,1.00,-1,-1
141,6,271.59,96.64,61.64,159.81,1.00,-1,-1
141,8,188.55,91.02,56.11,156.89,1.00,-1,-1
141,23,11.30,112.03,37.72,171.99,1.00,-1,-1
142,2,413.85,110.95,43.87,145.46,1.00,-1,-1
142,3,370.65,112.18,57.73,146.28,1.00,-1,-1
142,4,460.63,112.36,54.86,142.27,1.00,-1,-1
142,6,270.58,95.09,61.86,161.14,1.00,-1,-1
142,8,188.19,90.82,55.95,157.14,1.00,-1,-1
142,23,14.74,112.06,37.56,170.43,1.00,-1,-1
143,2,414.29,111.28,43.23,145.25,1.00,-1,-1
143,3,368.44,114.30,57.69,144.02,1.00,-1,-1
143,4,460.83,112.65,54.73,142.53,1.00,-1,-1
143,6,268.77,93.75,62.18,162.64,1.00,-1,-1
143,8,187.86,91.52,55.48,156.42,1.00,-1,-1
143,23,18.23,114.00,38.20,170.77,1.00,-1,-1
144,2,413.88,110.44,43.28,145.83,1.00,-1,-1
144,3,367.50,115.27,57.85,142.47,1.00,-1,-1
144,4,460.17,114.80,53.92,140.31,1.00,-1,-1
144,6,267.18,93.19,62.16,163.25,1.00,-1,-1
144,8,187.29,91.63,55.20,156.32,1.00,-1,-1
144,23,22.16,114.02,38.63,170.39,1.00,-1,-1
145,2,411.04,109.84,44.43,147.87,1.00,-1,-1
145,3,366.20,115.52,57.86,141.85,1.00,-1,-1
145,4,460.73,114.46,54.21,141.17,1.00,-1,-1
145,6,266.78,97.67,60.09,157.99,1.00,-1,-1
145,8,186.60,91.70,54.97,156.44,1.00,-1,-1
145,23,31.64,114.23,40.77,170.19,1.00,-1,-1
146,2,410.85,110.56,44.43,147.13,1.00,-1,-1
146,3,365.39,115.91,58.40,141.81,1.00,-1,-1
146,4,459.84,114.48,54.13,141.01,1.00,-1,-1
146,6,265.77,98.49,59.40,156.85,1.00,-1,-1
146,8,186.15,91.66,54.81,156.73,1.00,-1,-1
146,23,37.96,114.17,43.32,170.54,1.00,-1,-1
147,2,410.88,111.21,44.32,145.61,1.00,-1,-1
147,3,364.96,117.89,58.41,140.38,1.00,-1,-1
147,4,458.41,114.44,54.55,142.20,1.00,-1,-1
147,6,264.32,98.28,58.99,156.78,1.00,-1,-1
147,8,185.96,92.36,54.37,156.16,1.00,-1,-1
147,23,40.31,116.15,45.95,169.75,1.00,-1,-1
148,2,410.83,111.58,44.58,145.71,1.00,-1,-1
148,3,363.67,117.19,58.98,141.41,1.00,-1,-1
148,4,457.53,113.91,54.50,142.22,1.00,-1,-1
148,6,262.62,96.44,59.05,158.54,1.00,-1,-1
148,8,185.96,93.79,53.74,154.67,1.00,-1,-1
148,23,41.15,117.46,48.94,169.28,1.00,-1,-1
149,2,410.00,111.71,45.11,145.84,1.00,-1,-1
149,3,361.87,115.13,59.50,142.75,1.00,-1,-1
149,4,456.23,113.48,54.91,143.53,1.00,-1,-1
149,6,261.34,94.86,59.04,160.20,1.00,-1,-1
149,8,186.33,96.68,52.66,151.84,1.00,-1,-1
149,23,41.83,118.09,51.80,169.07,1.00,-1,-1
150,2,409.57,111.81,45.26,145.48,1.00,-1,-1
150,3,359.51,114.41,58.95,142.40,1.00,-1,-1
150,4,454.96,112.91,55.09,144.21,1.00,-1,-1
150,6,260.40,95.22,58.28,159.97,1.00,-1,-1
150,8,186.37,97.92,52.14,150.54,1.00,-1,-1
150,23,42.90,117.79,54.80,170.10,1.00,-1,-1
151,2,409.08,112.18,45.65,145.50,1.00,-1,-1
151,3,354.90,113.62,58.11,142.55,1.00,-1,-1
151,4,454.12,112.27,55.24,144.73,1.00,-1,-1
151,6,258.76,93.52,58.24,161.29,1.00,-1,-1
151,8,186.29,97.85,52.11,150.67,1.00,-1,-1
151,23,43.17,117.38,56.98,169.76,1.00,-1,-1
152,2,408.98,112.18,45.98,145.75,1.00,-1,-1
152,3,351.83,113.14,57.54,142.88,1.00,-1,-1
152,4,452.47,112.54,54.57,144.48,1.00,-1,-1
152,6,258.03,93.09,57.60,160.93,1.00,-1,-1
152,8,186.17,97.56,52.06,150.74,1.00,-1,-1
152,23,43.44,116.42,58.87,170.28,1.00,-1,-1
153,2,408.47,112.04,46.25,145.90,1.00,-1,-1
153,3,350.63,113.96,56.20,141.89,1.00,-1,-1
153,4,450.69,113.21,53.74,144.07,1.00,-1,-1
153,6,257.55,92.97,57.11,160.64,1.00,-1,-1
153,8,186.23,97.82,51.81,150.24,1.00,-1,-1
153,23,45.69,115.09,60.02,170.99,1.00,-1,-1
154,2,408.78,111.88,46.11,145.56,1.00,-1,-1
154,3,348.27,112.31,56.16,143.97,1.00,-1,-1
154,4,449.65,111.34,54.34,147.02,1.00,-1,-1
154,6,257.10,93.37,56.66,160.37,1.00,-1,-1
154,8,186.23,97.84,51.69,150.03,1.00,-1,-1
154,23,49.52,113.65,60.45,171.32,1.00,-1,-1
155,2,409.19,111.71,46.09,146.19,1.00,-1,-1
155,3,346.65,111.98,55.28,143.89,1.00,-1,-1
155,4,448.64,112.47,53.29,145.67,1.00,-1,-1
155,6,256.87,93.88,56.22,160.15,1.00,-1,-1
155,8,186.19,97.68,51.60,149.92,1.00,-1,-1
155,23,56.36,112.33,59.91,172.01,1.00,-1,-1
156,2,408.75,111.51,46.23,146.84,1.00,-1,-1
156,3,345.81,112.42,54.33,143.02,1.00,-1,-1
156,4,448.70,113.56,52.20,143.97,1.00,-1,-1
156,6,256.79,93.85,55.86,159.88,1.00,-1,-1
156,8,186.23,97.51,51.51,149.83,1.00,-1,-1
156,23,64.67,111.75,59.06,172.27,1.00,-1,-1
157,2,408.52,111.55,46.01,146.85,1.00,-1,-1
157,3,344.68,113.63,52.90,141.40,1.00,-1,-1
157,4,448.48,111.63,52.61,146.37,1.00,-1,-1
157,6,257.42,98.99,53.86,154.77,1.00,-1,-1
157,8,186.39,98.08,51.33,149.40,1.00,-1,-1
157,23,71.17,111.52,58.37,172.66,1.00,-1,-1
158,2,407.38,111.89,45.95,146.66,1.00,-1,-1
158,3,343.41,113.83,52.14,141.52,1.00,-1,-1
158,4,448.41,111.28,52.46,146.91,1.00,-1,-1
158,6,257.63,101.56,52.94,152.62,1.00,-1,-1
158,8,186.49,98.12,51.32,149.49,1.00,-1,-1
158,23,75.66,111.39,57.57,172.74,1.00,-1,-1
159,2,405.67,112.81,45.96,145.68,1.00,-1,-1
159,3,341.77,113.85,51.73,142.11,1.00,-1,-1
159,4,447.04,111.46,52.20,147.13,1.00,-1,-1
159,6,256.89,97.76,54.11,157.27,1.00,-1,-1
159,8,186.15,95.06,52.38,152.61,1.00,-1,-1
159,23,81.45,111.14,57.34,172.78,1.00,-1,-1
160,2,405.02,113.78,45.74,144.41,1.00,-1,-1
160,3,340.56,114.09,51.08,141.84,1.00,-1,-1
160,4,447.32,112.24,52.35,147.69,1.00,-1,-1
160,6,256.81,95.84,54.25,159.05,1.00,-1,-1
160,8,185.93,93.42,52.86,154.04,1.00,-1,-1
160,23,87.30,112.67,56.79,170.04,1.00,-1,-1
161,2,403.00,114.55,46.20,144.44,1.00,-1,-1
161,3,339.32,114.46,50.40,141.05,1.00,-1,-1
161,4,445.82,112.41,52.44,148.47,1.00,-1,-1
161,6,257.02,98.27,52.85,156.36,1.00,-1,-1
161,8,186.28,93.58,52.78,153.89,1.00,-1,-1
161,23,93.49,113.49,57.60,168.07,1.00,-1,-1
162,2,401.54,115.00,46.68,144.74,1.00,-1,-1
162,3,338.51,114.79,49.63,139.96,1.00,-1,-1
162,4,444.25,112.41,52.51,148.19,1.00,-1,-1
162,6,256.81,94.78,53.25,159.07,1.00,-1,-1
162,8,186.50,93.84,52.70,153.73,1.00,-1,-1
162,23,98.23,114.95,59.65,167.30,1.00,-1,-1
163,2,403.23,116.10,47.54,143.73,1.00,-1,-1
163,3,337.64,115.35,49.03,139.02,1.00,-1,-1
163,4,442.33,112.85,52.42,147.59,1.00,-1,-1
163,6,257.30,92.30,53.24,160.69,1.00,-1,-1
163,8,186.66,93.70,52.70,153.80,1.00,-1,-1
163,23,101.43,115.74,62.25,167.11,1.00,-1,-1
164,2,402.97,116.11,48.82,143.62,1.00,-1,-1
164,3,336.53,115.57,48.67,138.58,1.00,-1,-1
164,4,439.44,112.54,52.53,147.38,1.00,-1,-1
164,6,257.35,90.67,53.35,162.73,1.00,-1,-1
164,8,186.73,93.58,52.74,154.03,1.00,-1,-1
164,23,102.28,115.54,64.75,167.19,1.00,-1,-1
165,2,400.12,115.30,49.47,144.21,1.00,-1,-1
165,3,334.63,116.28,48.62,138.18,1.00,-1,-1
165,4,436.74,110.64,53.29,149.00,1.00,-1,-1
165,6,257.73,90.59,52.63,161.87,1.00,-1,-1
165,8,186.78,93.53,52.74,154.13,1.00,-1,-1
165,23,102.79,115.17,67.29,167.67,1.00,-1,-1
166,2,397.56,113.95,50.26,145.39,1.00,-1,-1
166,3,332.62,114.96,49.32,140.30,1.00,-1,-1
166,4,435.25,111.09,53.34,149.12,1.00,-1,-1
166,6,257.82,89.30,52.48,162.83,1.00,-1,-1
166,8,186.82,93.53,52.74,154.23,1.00,-1,-1
166,23,102.64,115.16,69.03,166.86,1.00,-1,-1
167,2,394.97,112.81,50.72,146.45,1.00,-1,-1
167,3,331.87,113.64,49.29,140.64,1.00,-1,-1
167,4,433.70,108.73,54.32,151.77,1.00,-1,-1
167,6,257.98,88.42,52.03,162.70,1.00,-1,-1
167,8,186.85,93.63,52.69,154.14,1.00,-1,-1
167,23,103.46,113.81,70.78,167.72,1.00,-1,-1
168,2,391.57,112.43,50.97,147.01,1.00,-1,-1
168,3,331.43,112.54,48.49,139.15,1.00,-1,-1
168,4,431.65,108.12,54.71,152.87,1.00,-1,-1
168,6,257.97,87.51,51.77,163.05,1.00,-1,-1
168,8,186.90,93.60,52.66,154.15,1.00,-1,-1
168,23,104.33,112.05,72.42,169.55,1.00,-1,-1
169,2,388.31,110.82,51.62,149.48,1.00,-1,-1
169,3,330.45,111.63,48.17,138.19,1.00,-1,-1
169,4,430.61,108.21,54.58,153.34,1.00,-1,-1
169,6,258.23,87.75,50.98,161.36,1.00,-1,-1
169,8,187.00,93.87,52.55,153.84,1.00,-1,-1
169,23,107.42,109.95,72.90,170.13,1.00,-1,-1
170,2,385.27,110.29,51.57,150.73,1.00,-1,-1
170,3,329.61,111.23,48.09,138.24,1.00,-1,-1
170,4,429.33,108.64,54.32,153.46,1.00,-1,-1
170,6,258.12,87.82,50.67,161.08,1.00,-1,-1
170,8,187.09,93.91,52.51,153.73,1.00,-1,-1
170,23,111.71,109.80,71.79,169.10,1.00,-1,-1
171,2,382.91,111.22,50.50,149.41,1.00,-1,-1
171,3,328.59,110.64,48.42,139.62,1.00,-1,-1
171,4,427.94,108.95,54.20,153.59,1.00,-1,-1
171,6,258.20,87.55,50.42,161.07,1.00,-1,-1
171,8,187.04,93.53,52.61,154.02,1.00,-1,-1
171,23,117.22,107.82,70.95,170.07,1.00,-1,-1
172,2,382.75,111.60,49.99,149.52,1.00,-1,-1
172,3,327.85,109.94,48.17,139.53,1.00,-1,-1
172,4,426.71,109.04,54.06,154.29,1.00,-1,-1
172,6,257.82,87.39,50.34,161.39,1.00,-1,-1
172,8,186.97,93.37,52.65,154.21,1.00,-1,-1
172,23,124.01,108.14,68.62,168.64,1.00,-1,-1
173,2,381.84,111.90,49.26,149.19,1.00,-1,-1
173,3,327.53,109.63,47.86,139.17,1.00,-1,-1
173,4,426.43,111.50,52.96,151.96,1.00,-1,-1
173,6,257.02,86.95,50.56,162.64,1.00,-1,-1
173,8,187.03,93.50,52.62,154.23,1.00,-1,-1
173,23,129.66,105.69,67.61,170.53,1.00,-1,-1
174,2,382.07,112.02,48.75,149.23,1.00,-1,-1
174,3,326.47,109.85,47.70,138.80,1.00,-1,-1
174,4,425.01,110.77,53.15,153.77,1.00,-1,-1
174,6,256.26,87.39,50.44,162.34,1.00,-1,-1
174,8,186.92,93.23,52.74,154.69,1.00,-1,-1
174,23,134.64,105.39,66.35,171.24,1.00,-1,-1
175,2,381.09,112.47,48.62,149.83,1.00,-1,-1
175,3,324.96,109.84,47.58,137.99,1.00,-1,-1
175,4,424.95,112.72,52.38,151.81,1.00,-1,-1
175,6,256.13,88.03,50.06,161.50,1.00,-1,-1
175,8,187.38,93.40,52.62,154.78,1.00,-1,-1
175,23,138.77,107.46,64.11,169.43,1.00,-1,-1
176,2,379.41,112.63,48.27,149.76,1.00,-1,-1
176,3,323.13,109.57,47.82,137.92,1.00,-1,-1
176,4,423.25,111.19,52.76,153.32,1.00,-1,-1
176,6,255.78,87.44,49.90,161.92,1.00,-1,-1
176,8,187.57,93.01,52.61,155.18,1.00,-1,-1
176,23,142.03,106.76,63.37,170.55,1.00,-1,-1
177,2,378.48,113.62,47.92,149.22,1.00,-1,-1
177,3,321.10,108.79,48.59,138.97,1.00,-1,-1
177,4,422.89,111.52,52.63,152.98,1.00,-1,-1
177,6,255.90,87.49,49.49,161.64,1.00,-1,-1
177,8,189.43,94.08,51.88,154.54,1.00,-1,-1
177,23,147.89,109.64,61.71,167.47,1.00,-1,-1
178,2,376.04,113.95,48.00,149.36,1.00,-1,-1
178,3,319.06,108.65,49.22,139.71,1.00,-1,-1
178,4,421.88,108.86,53.79,156.09,1.00,-1,-1
178,6,255.74,87.52,49.21,161.61,1.00,-1,-1
178,8,191.29,94.19,50.81,153.51,1.00,-1,-1
178,23,151.82,110.86,61.44,166.08,1.00,-1,-1
179,2,374.84,114.19,47.96,149.22,1.00,-1,-1
179,3,317.84,109.18,49.18,139.06,1.00,-1,-1
179,4,419.99,109.73,53.37,155.28,1.00,-1,-1
179,6,256.35,90.58,48.11,158.20,1.00,-1,-1
179,8,193.61,94.25,49.61,152.93,1.00,-1,-1
179,23,154.21,112.34,61.45,163.68,1.00,-1,-1
